0.000000 0.000000 0.000000
0.000000 0.066667 -0.000000
0.000000 0.133333 -0.000000
0.000000 0.200000 0.000000
0.000000 0.266667 -0.000000
0.000000 0.333333 -0.000000
0.000000 0.400000 0.000000
0.000000 0.466667 0.000000
0.000000 0.533333 -0.000000
0.000000 0.600000 0.000000
0.000000 0.666667 -0.000000
0.000000 0.733333 -0.000000
0.000000 0.800000 -0.000000
0.000000 0.866667 0.000000
0.000000 0.933333 -0.000000
0.000000 1.000000 0.000000
0.066667 0.000000 0.000000
0.066667 0.066667 0.003872
0.066667 0.133333 0.007190
0.066667 0.200000 0.009956
0.066667 0.266667 0.012168
0.066667 0.333333 0.013827
0.066667 0.400000 0.014933
0.066667 0.466667 0.015486
0.066667 0.533333 0.015486
0.066667 0.600000 0.014933
0.066667 0.666667 0.013827
0.066667 0.733333 0.012168
0.066667 0.800000 0.009956
0.066667 0.866667 0.007190
0.066667 0.933333 0.003872
0.066667 1.000000 0.000000
0.133333 0.000000 0.000000
0.133333 0.066667 0.007190
0.133333 0.133333 0.013353
0.133333 0.200000 0.018489
0.133333 0.266667 0.022598
0.133333 0.333333 0.025679
0.133333 0.400000 0.027733
0.133333 0.466667 0.028760
0.133333 0.533333 0.028760
0.133333 0.600000 0.027733
0.133333 0.666667 0.025679
0.133333 0.733333 0.022598
0.133333 0.800000 0.018489
0.133333 0.866667 0.013353
0.133333 0.933333 0.007190
0.133333 1.000000 0.000000
0.200000 0.000000 -0.000000
0.200000 0.066667 0.009956
0.200000 0.133333 0.018489
0.200000 0.200000 0.025600
0.200000 0.266667 0.031289
0.200000 0.333333 0.035556
0.200000 0.400000 0.038400
0.200000 0.466667 0.039822
0.200000 0.533333 0.039822
0.200000 0.600000 0.038400
0.200000 0.666667 0.035556
0.200000 0.733333 0.031289
0.200000 0.800000 0.025600
0.200000 0.866667 0.018489
0.200000 0.933333 0.009956
0.200000 1.000000 -0.000000
0.266667 0.000000 0.000000
0.266667 0.066667 0.012168
0.266667 0.133333 0.022598
0.266667 0.200000 0.031289
0.266667 0.266667 0.038242
0.266667 0.333333 0.043457
0.266667 0.400000 0.046933
0.266667 0.466667 0.048672
0.266667 0.533333 0.048672
0.266667 0.600000 0.046933
0.266667 0.666667 0.043457
0.266667 0.733333 0.038242
0.266667 0.800000 0.031289
0.266667 0.866667 0.022598
0.266667 0.933333 0.012168
0.266667 1.000000 -0.000000
0.333333 0.000000 0.000000
0.333333 0.066667 0.013827
0.333333 0.133333 0.025679
0.333333 0.200000 0.035556
0.333333 0.266667 0.043457
0.333333 0.333333 0.049383
0.333333 0.400000 0.053333
0.333333 0.466667 0.055309
0.333333 0.533333 0.055309
0.333333 0.600000 0.053333
0.333333 0.666667 0.049383
0.333333 0.733333 0.043457
0.333333 0.800000 0.035556
0.333333 0.866667 0.025679
0.333333 0.933333 0.013827
0.333333 1.000000 0.000000
0.400000 0.000000 0.000000
0.400000 0.066667 0.014933
0.400000 0.133333 0.027733
0.400000 0.200000 0.038400
0.400000 0.266667 0.046933
0.400000 0.333333 0.053333
0.400000 0.400000 0.057600
0.400000 0.466667 0.059733
0.400000 0.533333 0.059733
0.400000 0.600000 0.057600
0.400000 0.666667 0.053333
0.400000 0.733333 0.046933
0.400000 0.800000 0.038400
0.400000 0.866667 0.027733
0.400000 0.933333 0.014933
0.400000 1.000000 -0.000000
0.466667 0.000000 -0.000000
0.466667 0.066667 0.015486
0.466667 0.133333 0.028760
0.466667 0.200000 0.039822
0.466667 0.266667 0.048672
0.466667 0.333333 0.055309
0.466667 0.400000 0.059733
0.466667 0.466667 0.061946
0.466667 0.533333 0.061946
0.466667 0.600000 0.059733
0.466667 0.666667 0.055309
0.466667 0.733333 0.048672
0.466667 0.800000 0.039822
0.466667 0.866667 0.028760
0.466667 0.933333 0.015486
0.466667 1.000000 0.000000
0.533333 0.000000 -0.000000
0.533333 0.066667 0.015486
0.533333 0.133333 0.028760
0.533333 0.200000 0.039822
0.533333 0.266667 0.048672
0.533333 0.333333 0.055309
0.533333 0.400000 0.059733
0.533333 0.466667 0.061946
0.533333 0.533333 0.061946
0.533333 0.600000 0.059733
0.533333 0.666667 0.055309
0.533333 0.733333 0.048672
0.533333 0.800000 0.039822
0.533333 0.866667 0.028760
0.533333 0.933333 0.015486
0.533333 1.000000 0.000000
0.600000 0.000000 0.000000
0.600000 0.066667 0.014933
0.600000 0.133333 0.027733
0.600000 0.200000 0.038400
0.600000 0.266667 0.046933
0.600000 0.333333 0.053333
0.600000 0.400000 0.057600
0.600000 0.466667 0.059733
0.600000 0.533333 0.059733
0.600000 0.600000 0.057600
0.600000 0.666667 0.053333
0.600000 0.733333 0.046933
0.600000 0.800000 0.038400
0.600000 0.866667 0.027733
0.600000 0.933333 0.014933
0.600000 1.000000 0.000000
0.666667 0.000000 0.000000
0.666667 0.066667 0.013827
0.666667 0.133333 0.025679
0.666667 0.200000 0.035556
0.666667 0.266667 0.043457
0.666667 0.333333 0.049383
0.666667 0.400000 0.053333
0.666667 0.466667 0.055309
0.666667 0.533333 0.055309
0.666667 0.600000 0.053333
0.666667 0.666667 0.049383
0.666667 0.733333 0.043457
0.666667 0.800000 0.035556
0.666667 0.866667 0.025679
0.666667 0.933333 0.013827
0.666667 1.000000 0.000000
0.733333 0.000000 -0.000000
0.733333 0.066667 0.012168
0.733333 0.133333 0.022598
0.733333 0.200000 0.031289
0.733333 0.266667 0.038242
0.733333 0.333333 0.043457
0.733333 0.400000 0.046933
0.733333 0.466667 0.048672
0.733333 0.533333 0.048672
0.733333 0.600000 0.046933
0.733333 0.666667 0.043457
0.733333 0.733333 0.038242
0.733333 0.800000 0.031289
0.733333 0.866667 0.022598
0.733333 0.933333 0.012168
0.733333 1.000000 -0.000000
0.800000 0.000000 0.000000
0.800000 0.066667 0.009956
0.800000 0.133333 0.018489
0.800000 0.200000 0.025600
0.800000 0.266667 0.031289
0.800000 0.333333 0.035556
0.800000 0.400000 0.038400
0.800000 0.466667 0.039822
0.800000 0.533333 0.039822
0.800000 0.600000 0.038400
0.800000 0.666667 0.035556
0.800000 0.733333 0.031289
0.800000 0.800000 0.025600
0.800000 0.866667 0.018489
0.800000 0.933333 0.009956
0.800000 1.000000 -0.000000
0.866667 0.000000 -0.000000
0.866667 0.066667 0.007190
0.866667 0.133333 0.013353
0.866667 0.200000 0.018489
0.866667 0.266667 0.022598
0.866667 0.333333 0.025679
0.866667 0.400000 0.027733
0.866667 0.466667 0.028760
0.866667 0.533333 0.028760
0.866667 0.600000 0.027733
0.866667 0.666667 0.025679
0.866667 0.733333 0.022598
0.866667 0.800000 0.018489
0.866667 0.866667 0.013353
0.866667 0.933333 0.007190
0.866667 1.000000 -0.000000
0.933333 0.000000 -0.000000
0.933333 0.066667 0.003872
0.933333 0.133333 0.007190
0.933333 0.200000 0.009956
0.933333 0.266667 0.012168
0.933333 0.333333 0.013827
0.933333 0.400000 0.014933
0.933333 0.466667 0.015486
0.933333 0.533333 0.015486
0.933333 0.600000 0.014933
0.933333 0.666667 0.013827
0.933333 0.733333 0.012168
0.933333 0.800000 0.009956
0.933333 0.866667 0.007190
0.933333 0.933333 0.003872
0.933333 1.000000 0.000000
1.000000 0.000000 0.000000
1.000000 0.066667 0.000000
1.000000 0.133333 0.000000
1.000000 0.200000 0.000000
1.000000 0.266667 0.000000
1.000000 0.333333 0.000000
1.000000 0.400000 0.000000
1.000000 0.466667 0.000000
1.000000 0.533333 0.000000
1.000000 0.600000 0.000000
1.000000 0.666667 0.000000
1.000000 0.733333 0.000000
1.000000 0.800000 0.000000
1.000000 0.866667 0.000000
1.000000 0.933333 0.000000
1.000000 1.000000 0.000000
