0.000000 0.000000 0.000000
0.000000 0.050000 -0.000000
0.000000 0.100000 0.000000
0.000000 0.150000 -0.000000
0.000000 0.200000 -0.000000
0.000000 0.250000 0.000000
0.000000 0.300000 -0.000000
0.000000 0.350000 0.000000
0.000000 0.400000 -0.000000
0.000000 0.450000 -0.000000
0.000000 0.500000 0.000000
0.000000 0.550000 0.000000
0.000000 0.600000 0.000000
0.000000 0.650000 -0.000000
0.000000 0.700000 0.000000
0.000000 0.750000 -0.000000
0.000000 0.800000 0.000000
0.000000 0.850000 0.000000
0.000000 0.900000 0.000000
0.000000 0.950000 -0.000000
0.000000 1.000000 0.000000
0.050000 0.000000 0.000000
0.050000 0.050000 0.002256
0.050000 0.100000 0.004275
0.050000 0.150000 0.006056
0.050000 0.200000 0.007600
0.050000 0.250000 0.008906
0.050000 0.300000 0.009975
0.050000 0.350000 0.010806
0.050000 0.400000 0.011400
0.050000 0.450000 0.011756
0.050000 0.500000 0.011875
0.050000 0.550000 0.011756
0.050000 0.600000 0.011400
0.050000 0.650000 0.010806
0.050000 0.700000 0.009975
0.050000 0.750000 0.008906
0.050000 0.800000 0.007600
0.050000 0.850000 0.006056
0.050000 0.900000 0.004275
0.050000 0.950000 0.002256
0.050000 1.000000 0.000000
0.100000 0.000000 0.000000
0.100000 0.050000 0.004275
0.100000 0.100000 0.008100
0.100000 0.150000 0.011475
0.100000 0.200000 0.014400
0.100000 0.250000 0.016875
0.100000 0.300000 0.018900
0.100000 0.350000 0.020475
0.100000 0.400000 0.021600
0.100000 0.450000 0.022275
0.100000 0.500000 0.022500
0.100000 0.550000 0.022275
0.100000 0.600000 0.021600
0.100000 0.650000 0.020475
0.100000 0.700000 0.018900
0.100000 0.750000 0.016875
0.100000 0.800000 0.014400
0.100000 0.850000 0.011475
0.100000 0.900000 0.008100
0.100000 0.950000 0.004275
0.100000 1.000000 0.000000
0.150000 0.000000 0.000000
0.150000 0.050000 0.006056
0.150000 0.100000 0.011475
0.150000 0.150000 0.016256
0.150000 0.200000 0.020400
0.150000 0.250000 0.023906
0.150000 0.300000 0.026775
0.150000 0.350000 0.029006
0.150000 0.400000 0.030600
0.150000 0.450000 0.031556
0.150000 0.500000 0.031875
0.150000 0.550000 0.031556
0.150000 0.600000 0.030600
0.150000 0.650000 0.029006
0.150000 0.700000 0.026775
0.150000 0.750000 0.023906
0.150000 0.800000 0.020400
0.150000 0.850000 0.016256
0.150000 0.900000 0.011475
0.150000 0.950000 0.006056
0.150000 1.000000 0.000000
0.200000 0.000000 0.000000
0.200000 0.050000 0.007600
0.200000 0.100000 0.014400
0.200000 0.150000 0.020400
0.200000 0.200000 0.025600
0.200000 0.250000 0.030000
0.200000 0.300000 0.033600
0.200000 0.350000 0.036400
0.200000 0.400000 0.038400
0.200000 0.450000 0.039600
0.200000 0.500000 0.040000
0.200000 0.550000 0.039600
0.200000 0.600000 0.038400
0.200000 0.650000 0.036400
0.200000 0.700000 0.033600
0.200000 0.750000 0.030000
0.200000 0.800000 0.025600
0.200000 0.850000 0.020400
0.200000 0.900000 0.014400
0.200000 0.950000 0.007600
0.200000 1.000000 0.000000
0.250000 0.000000 0.000000
0.250000 0.050000 0.008906
0.250000 0.100000 0.016875
0.250000 0.150000 0.023906
0.250000 0.200000 0.030000
0.250000 0.250000 0.035156
0.250000 0.300000 0.039375
0.250000 0.350000 0.042656
0.250000 0.400000 0.045000
0.250000 0.450000 0.046406
0.250000 0.500000 0.046875
0.250000 0.550000 0.046406
0.250000 0.600000 0.045000
0.250000 0.650000 0.042656
0.250000 0.700000 0.039375
0.250000 0.750000 0.035156
0.250000 0.800000 0.030000
0.250000 0.850000 0.023906
0.250000 0.900000 0.016875
0.250000 0.950000 0.008906
0.250000 1.000000 -0.000000
0.300000 0.000000 0.000000
0.300000 0.050000 0.009975
0.300000 0.100000 0.018900
0.300000 0.150000 0.026775
0.300000 0.200000 0.033600
0.300000 0.250000 0.039375
0.300000 0.300000 0.044100
0.300000 0.350000 0.047775
0.300000 0.400000 0.050400
0.300000 0.450000 0.051975
0.300000 0.500000 0.052500
0.300000 0.550000 0.051975
0.300000 0.600000 0.050400
0.300000 0.650000 0.047775
0.300000 0.700000 0.044100
0.300000 0.750000 0.039375
0.300000 0.800000 0.033600
0.300000 0.850000 0.026775
0.300000 0.900000 0.018900
0.300000 0.950000 0.009975
0.300000 1.000000 0.000000
0.350000 0.000000 -0.000000
0.350000 0.050000 0.010806
0.350000 0.100000 0.020475
0.350000 0.150000 0.029006
0.350000 0.200000 0.036400
0.350000 0.250000 0.042656
0.350000 0.300000 0.047775
0.350000 0.350000 0.051756
0.350000 0.400000 0.054600
0.350000 0.450000 0.056306
0.350000 0.500000 0.056875
0.350000 0.550000 0.056306
0.350000 0.600000 0.054600
0.350000 0.650000 0.051756
0.350000 0.700000 0.047775
0.350000 0.750000 0.042656
0.350000 0.800000 0.036400
0.350000 0.850000 0.029006
0.350000 0.900000 0.020475
0.350000 0.950000 0.010806
0.350000 1.000000 -0.000000
0.400000 0.000000 0.000000
0.400000 0.050000 0.011400
0.400000 0.100000 0.021600
0.400000 0.150000 0.030600
0.400000 0.200000 0.038400
0.400000 0.250000 0.045000
0.400000 0.300000 0.050400
0.400000 0.350000 0.054600
0.400000 0.400000 0.057600
0.400000 0.450000 0.059400
0.400000 0.500000 0.060000
0.400000 0.550000 0.059400
0.400000 0.600000 0.057600
0.400000 0.650000 0.054600
0.400000 0.700000 0.050400
0.400000 0.750000 0.045000
0.400000 0.800000 0.038400
0.400000 0.850000 0.030600
0.400000 0.900000 0.021600
0.400000 0.950000 0.011400
0.400000 1.000000 -0.000000
0.450000 0.000000 0.000000
0.450000 0.050000 0.011756
0.450000 0.100000 0.022275
0.450000 0.150000 0.031556
0.450000 0.200000 0.039600
0.450000 0.250000 0.046406
0.450000 0.300000 0.051975
0.450000 0.350000 0.056306
0.450000 0.400000 0.059400
0.450000 0.450000 0.061256
0.450000 0.500000 0.061875
0.450000 0.550000 0.061256
0.450000 0.600000 0.059400
0.450000 0.650000 0.056306
0.450000 0.700000 0.051975
0.450000 0.750000 0.046406
0.450000 0.800000 0.039600
0.450000 0.850000 0.031556
0.450000 0.900000 0.022275
0.450000 0.950000 0.011756
0.450000 1.000000 -0.000000
0.500000 0.000000 0.000000
0.500000 0.050000 0.011875
0.500000 0.100000 0.022500
0.500000 0.150000 0.031875
0.500000 0.200000 0.040000
0.500000 0.250000 0.046875
0.500000 0.300000 0.052500
0.500000 0.350000 0.056875
0.500000 0.400000 0.060000
0.500000 0.450000 0.061875
0.500000 0.500000 0.062500
0.500000 0.550000 0.061875
0.500000 0.600000 0.060000
0.500000 0.650000 0.056875
0.500000 0.700000 0.052500
0.500000 0.750000 0.046875
0.500000 0.800000 0.040000
0.500000 0.850000 0.031875
0.500000 0.900000 0.022500
0.500000 0.950000 0.011875
0.500000 1.000000 0.000000
0.550000 0.000000 -0.000000
0.550000 0.050000 0.011756
0.550000 0.100000 0.022275
0.550000 0.150000 0.031556
0.550000 0.200000 0.039600
0.550000 0.250000 0.046406
0.550000 0.300000 0.051975
0.550000 0.350000 0.056306
0.550000 0.400000 0.059400
0.550000 0.450000 0.061256
0.550000 0.500000 0.061875
0.550000 0.550000 0.061256
0.550000 0.600000 0.059400
0.550000 0.650000 0.056306
0.550000 0.700000 0.051975
0.550000 0.750000 0.046406
0.550000 0.800000 0.039600
0.550000 0.850000 0.031556
0.550000 0.900000 0.022275
0.550000 0.950000 0.011756
0.550000 1.000000 0.000000
0.600000 0.000000 0.000000
0.600000 0.050000 0.011400
0.600000 0.100000 0.021600
0.600000 0.150000 0.030600
0.600000 0.200000 0.038400
0.600000 0.250000 0.045000
0.600000 0.300000 0.050400
0.600000 0.350000 0.054600
0.600000 0.400000 0.057600
0.600000 0.450000 0.059400
0.600000 0.500000 0.060000
0.600000 0.550000 0.059400
0.600000 0.600000 0.057600
0.600000 0.650000 0.054600
0.600000 0.700000 0.050400
0.600000 0.750000 0.045000
0.600000 0.800000 0.038400
0.600000 0.850000 0.030600
0.600000 0.900000 0.021600
0.600000 0.950000 0.011400
0.600000 1.000000 -0.000000
0.650000 0.000000 -0.000000
0.650000 0.050000 0.010806
0.650000 0.100000 0.020475
0.650000 0.150000 0.029006
0.650000 0.200000 0.036400
0.650000 0.250000 0.042656
0.650000 0.300000 0.047775
0.650000 0.350000 0.051756
0.650000 0.400000 0.054600
0.650000 0.450000 0.056306
0.650000 0.500000 0.056875
0.650000 0.550000 0.056306
0.650000 0.600000 0.054600
0.650000 0.650000 0.051756
0.650000 0.700000 0.047775
0.650000 0.750000 0.042656
0.650000 0.800000 0.036400
0.650000 0.850000 0.029006
0.650000 0.900000 0.020475
0.650000 0.950000 0.010806
0.650000 1.000000 -0.000000
0.700000 0.000000 0.000000
0.700000 0.050000 0.009975
0.700000 0.100000 0.018900
0.700000 0.150000 0.026775
0.700000 0.200000 0.033600
0.700000 0.250000 0.039375
0.700000 0.300000 0.044100
0.700000 0.350000 0.047775
0.700000 0.400000 0.050400
0.700000 0.450000 0.051975
0.700000 0.500000 0.052500
0.700000 0.550000 0.051975
0.700000 0.600000 0.050400
0.700000 0.650000 0.047775
0.700000 0.700000 0.044100
0.700000 0.750000 0.039375
0.700000 0.800000 0.033600
0.700000 0.850000 0.026775
0.700000 0.900000 0.018900
0.700000 0.950000 0.009975
0.700000 1.000000 0.000000
0.750000 0.000000 -0.000000
0.750000 0.050000 0.008906
0.750000 0.100000 0.016875
0.750000 0.150000 0.023906
0.750000 0.200000 0.030000
0.750000 0.250000 0.035156
0.750000 0.300000 0.039375
0.750000 0.350000 0.042656
0.750000 0.400000 0.045000
0.750000 0.450000 0.046406
0.750000 0.500000 0.046875
0.750000 0.550000 0.046406
0.750000 0.600000 0.045000
0.750000 0.650000 0.042656
0.750000 0.700000 0.039375
0.750000 0.750000 0.035156
0.750000 0.800000 0.030000
0.750000 0.850000 0.023906
0.750000 0.900000 0.016875
0.750000 0.950000 0.008906
0.750000 1.000000 -0.000000
0.800000 0.000000 -0.000000
0.800000 0.050000 0.007600
0.800000 0.100000 0.014400
0.800000 0.150000 0.020400
0.800000 0.200000 0.025600
0.800000 0.250000 0.030000
0.800000 0.300000 0.033600
0.800000 0.350000 0.036400
0.800000 0.400000 0.038400
0.800000 0.450000 0.039600
0.800000 0.500000 0.040000
0.800000 0.550000 0.039600
0.800000 0.600000 0.038400
0.800000 0.650000 0.036400
0.800000 0.700000 0.033600
0.800000 0.750000 0.030000
0.800000 0.800000 0.025600
0.800000 0.850000 0.020400
0.800000 0.900000 0.014400
0.800000 0.950000 0.007600
0.800000 1.000000 -0.000000
0.850000 0.000000 -0.000000
0.850000 0.050000 0.006056
0.850000 0.100000 0.011475
0.850000 0.150000 0.016256
0.850000 0.200000 0.020400
0.850000 0.250000 0.023906
0.850000 0.300000 0.026775
0.850000 0.350000 0.029006
0.850000 0.400000 0.030600
0.850000 0.450000 0.031556
0.850000 0.500000 0.031875
0.850000 0.550000 0.031556
0.850000 0.600000 0.030600
0.850000 0.650000 0.029006
0.850000 0.700000 0.026775
0.850000 0.750000 0.023906
0.850000 0.800000 0.020400
0.850000 0.850000 0.016256
0.850000 0.900000 0.011475
0.850000 0.950000 0.006056
0.850000 1.000000 0.000000
0.900000 0.000000 -0.000000
0.900000 0.050000 0.004275
0.900000 0.100000 0.008100
0.900000 0.150000 0.011475
0.900000 0.200000 0.014400
0.900000 0.250000 0.016875
0.900000 0.300000 0.018900
0.900000 0.350000 0.020475
0.900000 0.400000 0.021600
0.900000 0.450000 0.022275
0.900000 0.500000 0.022500
0.900000 0.550000 0.022275
0.900000 0.600000 0.021600
0.900000 0.650000 0.020475
0.900000 0.700000 0.018900
0.900000 0.750000 0.016875
0.900000 0.800000 0.014400
0.900000 0.850000 0.011475
0.900000 0.900000 0.008100
0.900000 0.950000 0.004275
0.900000 1.000000 -0.000000
0.950000 0.000000 0.000000
0.950000 0.050000 0.002256
0.950000 0.100000 0.004275
0.950000 0.150000 0.006056
0.950000 0.200000 0.007600
0.950000 0.250000 0.008906
0.950000 0.300000 0.009975
0.950000 0.350000 0.010806
0.950000 0.400000 0.011400
0.950000 0.450000 0.011756
0.950000 0.500000 0.011875
0.950000 0.550000 0.011756
0.950000 0.600000 0.011400
0.950000 0.650000 0.010806
0.950000 0.700000 0.009975
0.950000 0.750000 0.008906
0.950000 0.800000 0.007600
0.950000 0.850000 0.006056
0.950000 0.900000 0.004275
0.950000 0.950000 0.002256
0.950000 1.000000 0.000000
1.000000 0.000000 0.000000
1.000000 0.050000 0.000000
1.000000 0.100000 0.000000
1.000000 0.150000 0.000000
1.000000 0.200000 0.000000
1.000000 0.250000 0.000000
1.000000 0.300000 0.000000
1.000000 0.350000 0.000000
1.000000 0.400000 0.000000
1.000000 0.450000 0.000000
1.000000 0.500000 0.000000
1.000000 0.550000 0.000000
1.000000 0.600000 0.000000
1.000000 0.650000 0.000000
1.000000 0.700000 0.000000
1.000000 0.750000 0.000000
1.000000 0.800000 0.000000
1.000000 0.850000 0.000000
1.000000 0.900000 0.000000
1.000000 0.950000 0.000000
1.000000 1.000000 0.000000
