0.000000 0.000000 0.000000
0.000000 0.020000 0.000000
0.000000 0.040000 0.000000
0.000000 0.060000 -0.000000
0.000000 0.080000 0.000000
0.000000 0.100000 0.000000
0.000000 0.120000 -0.000000
0.000000 0.140000 0.000000
0.000000 0.160000 -0.000000
0.000000 0.180000 -0.000000
0.000000 0.200000 0.000000
0.000000 0.220000 -0.000000
0.000000 0.240000 0.000000
0.000000 0.260000 -0.000000
0.000000 0.280000 -0.000000
0.000000 0.300000 0.000000
0.000000 0.320000 -0.000000
0.000000 0.340000 0.000000
0.000000 0.360000 -0.000000
0.000000 0.380000 -0.000000
0.000000 0.400000 0.000000
0.000000 0.420000 -0.000000
0.000000 0.440000 -0.000000
0.000000 0.460000 -0.000000
0.000000 0.480000 -0.000000
0.000000 0.500000 0.000000
0.000000 0.520000 -0.000000
0.000000 0.540000 0.000000
0.000000 0.560000 0.000000
0.000000 0.580000 0.000000
0.000000 0.600000 0.000000
0.000000 0.620000 -0.000000
0.000000 0.640000 0.000000
0.000000 0.660000 -0.000000
0.000000 0.680000 0.000000
0.000000 0.700000 -0.000000
0.000000 0.720000 0.000000
0.000000 0.740000 -0.000000
0.000000 0.760000 0.000000
0.000000 0.780000 0.000000
0.000000 0.800000 -0.000000
0.000000 0.820000 -0.000000
0.000000 0.840000 0.000000
0.000000 0.860000 -0.000000
0.000000 0.880000 -0.000000
0.000000 0.900000 -0.000000
0.000000 0.920000 -0.000000
0.000000 0.940000 -0.000000
0.000000 0.960000 -0.000000
0.000000 0.980000 -0.000000
0.000000 1.000000 0.000000
0.020000 0.000000 0.000000
0.020000 0.020000 0.000384
0.020000 0.040000 0.000753
0.020000 0.060000 0.001105
0.020000 0.080000 0.001443
0.020000 0.100000 0.001764
0.020000 0.120000 0.002070
0.020000 0.140000 0.002360
0.020000 0.160000 0.002634
0.020000 0.180000 0.002893
0.020000 0.200000 0.003136
0.020000 0.220000 0.003363
0.020000 0.240000 0.003575
0.020000 0.260000 0.003771
0.020000 0.280000 0.003951
0.020000 0.300000 0.004116
0.020000 0.320000 0.004265
0.020000 0.340000 0.004398
0.020000 0.360000 0.004516
0.020000 0.380000 0.004618
0.020000 0.400000 0.004704
0.020000 0.420000 0.004775
0.020000 0.440000 0.004829
0.020000 0.460000 0.004869
0.020000 0.480000 0.004892
0.020000 0.500000 0.004900
0.020000 0.520000 0.004892
0.020000 0.540000 0.004869
0.020000 0.560000 0.004829
0.020000 0.580000 0.004775
0.020000 0.600000 0.004704
0.020000 0.620000 0.004618
0.020000 0.640000 0.004516
0.020000 0.660000 0.004398
0.020000 0.680000 0.004265
0.020000 0.700000 0.004116
0.020000 0.720000 0.003951
0.020000 0.740000 0.003771
0.020000 0.760000 0.003575
0.020000 0.780000 0.003363
0.020000 0.800000 0.003136
0.020000 0.820000 0.002893
0.020000 0.840000 0.002634
0.020000 0.860000 0.002360
0.020000 0.880000 0.002070
0.020000 0.900000 0.001764
0.020000 0.920000 0.001443
0.020000 0.940000 0.001105
0.020000 0.960000 0.000753
0.020000 0.980000 0.000384
0.020000 1.000000 0.000000
0.040000 0.000000 -0.000000
0.040000 0.020000 0.000753
0.040000 0.040000 0.001475
0.040000 0.060000 0.002166
0.040000 0.080000 0.002826
0.040000 0.100000 0.003456
0.040000 0.120000 0.004055
0.040000 0.140000 0.004623
0.040000 0.160000 0.005161
0.040000 0.180000 0.005668
0.040000 0.200000 0.006144
0.040000 0.220000 0.006589
0.040000 0.240000 0.007004
0.040000 0.260000 0.007388
0.040000 0.280000 0.007741
0.040000 0.300000 0.008064
0.040000 0.320000 0.008356
0.040000 0.340000 0.008617
0.040000 0.360000 0.008847
0.040000 0.380000 0.009047
0.040000 0.400000 0.009216
0.040000 0.420000 0.009354
0.040000 0.440000 0.009462
0.040000 0.460000 0.009539
0.040000 0.480000 0.009585
0.040000 0.500000 0.009600
0.040000 0.520000 0.009585
0.040000 0.540000 0.009539
0.040000 0.560000 0.009462
0.040000 0.580000 0.009354
0.040000 0.600000 0.009216
0.040000 0.620000 0.009047
0.040000 0.640000 0.008847
0.040000 0.660000 0.008617
0.040000 0.680000 0.008356
0.040000 0.700000 0.008064
0.040000 0.720000 0.007741
0.040000 0.740000 0.007388
0.040000 0.760000 0.007004
0.040000 0.780000 0.006589
0.040000 0.800000 0.006144
0.040000 0.820000 0.005668
0.040000 0.840000 0.005161
0.040000 0.860000 0.004623
0.040000 0.880000 0.004055
0.040000 0.900000 0.003456
0.040000 0.920000 0.002826
0.040000 0.940000 0.002166
0.040000 0.960000 0.001475
0.040000 0.980000 0.000753
0.040000 1.000000 -0.000000
0.060000 0.000000 0.000000
0.060000 0.020000 0.001105
0.060000 0.040000 0.002166
0.060000 0.060000 0.003181
0.060000 0.080000 0.004151
0.060000 0.100000 0.005076
0.060000 0.120000 0.005956
0.060000 0.140000 0.006791
0.060000 0.160000 0.007580
0.060000 0.180000 0.008325
0.060000 0.200000 0.009024
0.060000 0.220000 0.009678
0.060000 0.240000 0.010287
0.060000 0.260000 0.010851
0.060000 0.280000 0.011370
0.060000 0.300000 0.011844
0.060000 0.320000 0.012273
0.060000 0.340000 0.012656
0.060000 0.360000 0.012995
0.060000 0.380000 0.013288
0.060000 0.400000 0.013536
0.060000 0.420000 0.013739
0.060000 0.440000 0.013897
0.060000 0.460000 0.014010
0.060000 0.480000 0.014077
0.060000 0.500000 0.014100
0.060000 0.520000 0.014077
0.060000 0.540000 0.014010
0.060000 0.560000 0.013897
0.060000 0.580000 0.013739
0.060000 0.600000 0.013536
0.060000 0.620000 0.013288
0.060000 0.640000 0.012995
0.060000 0.660000 0.012656
0.060000 0.680000 0.012273
0.060000 0.700000 0.011844
0.060000 0.720000 0.011370
0.060000 0.740000 0.010851
0.060000 0.760000 0.010287
0.060000 0.780000 0.009678
0.060000 0.800000 0.009024
0.060000 0.820000 0.008325
0.060000 0.840000 0.007580
0.060000 0.860000 0.006791
0.060000 0.880000 0.005956
0.060000 0.900000 0.005076
0.060000 0.920000 0.004151
0.060000 0.940000 0.003181
0.060000 0.960000 0.002166
0.060000 0.980000 0.001105
0.060000 1.000000 0.000000
0.080000 0.000000 0.000000
0.080000 0.020000 0.001443
0.080000 0.040000 0.002826
0.080000 0.060000 0.004151
0.080000 0.080000 0.005417
0.080000 0.100000 0.006624
0.080000 0.120000 0.007772
0.080000 0.140000 0.008861
0.080000 0.160000 0.009892
0.080000 0.180000 0.010863
0.080000 0.200000 0.011776
0.080000 0.220000 0.012630
0.080000 0.240000 0.013425
0.080000 0.260000 0.014161
0.080000 0.280000 0.014838
0.080000 0.300000 0.015456
0.080000 0.320000 0.016015
0.080000 0.340000 0.016516
0.080000 0.360000 0.016957
0.080000 0.380000 0.017340
0.080000 0.400000 0.017664
0.080000 0.420000 0.017929
0.080000 0.440000 0.018135
0.080000 0.460000 0.018282
0.080000 0.480000 0.018371
0.080000 0.500000 0.018400
0.080000 0.520000 0.018371
0.080000 0.540000 0.018282
0.080000 0.560000 0.018135
0.080000 0.580000 0.017929
0.080000 0.600000 0.017664
0.080000 0.620000 0.017340
0.080000 0.640000 0.016957
0.080000 0.660000 0.016516
0.080000 0.680000 0.016015
0.080000 0.700000 0.015456
0.080000 0.720000 0.014838
0.080000 0.740000 0.014161
0.080000 0.760000 0.013425
0.080000 0.780000 0.012630
0.080000 0.800000 0.011776
0.080000 0.820000 0.010863
0.080000 0.840000 0.009892
0.080000 0.860000 0.008861
0.080000 0.880000 0.007772
0.080000 0.900000 0.006624
0.080000 0.920000 0.005417
0.080000 0.940000 0.004151
0.080000 0.960000 0.002826
0.080000 0.980000 0.001443
0.080000 1.000000 0.000000
0.100000 0.000000 -0.000000
0.100000 0.020000 0.001764
0.100000 0.040000 0.003456
0.100000 0.060000 0.005076
0.100000 0.080000 0.006624
0.100000 0.100000 0.008100
0.100000 0.120000 0.009504
0.100000 0.140000 0.010836
0.100000 0.160000 0.012096
0.100000 0.180000 0.013284
0.100000 0.200000 0.014400
0.100000 0.220000 0.015444
0.100000 0.240000 0.016416
0.100000 0.260000 0.017316
0.100000 0.280000 0.018144
0.100000 0.300000 0.018900
0.100000 0.320000 0.019584
0.100000 0.340000 0.020196
0.100000 0.360000 0.020736
0.100000 0.380000 0.021204
0.100000 0.400000 0.021600
0.100000 0.420000 0.021924
0.100000 0.440000 0.022176
0.100000 0.460000 0.022356
0.100000 0.480000 0.022464
0.100000 0.500000 0.022500
0.100000 0.520000 0.022464
0.100000 0.540000 0.022356
0.100000 0.560000 0.022176
0.100000 0.580000 0.021924
0.100000 0.600000 0.021600
0.100000 0.620000 0.021204
0.100000 0.640000 0.020736
0.100000 0.660000 0.020196
0.100000 0.680000 0.019584
0.100000 0.700000 0.018900
0.100000 0.720000 0.018144
0.100000 0.740000 0.017316
0.100000 0.760000 0.016416
0.100000 0.780000 0.015444
0.100000 0.800000 0.014400
0.100000 0.820000 0.013284
0.100000 0.840000 0.012096
0.100000 0.860000 0.010836
0.100000 0.880000 0.009504
0.100000 0.900000 0.008100
0.100000 0.920000 0.006624
0.100000 0.940000 0.005076
0.100000 0.960000 0.003456
0.100000 0.980000 0.001764
0.100000 1.000000 -0.000000
0.120000 0.000000 0.000000
0.120000 0.020000 0.002070
0.120000 0.040000 0.004055
0.120000 0.060000 0.005956
0.120000 0.080000 0.007772
0.120000 0.100000 0.009504
0.120000 0.120000 0.011151
0.120000 0.140000 0.012714
0.120000 0.160000 0.014193
0.120000 0.180000 0.015587
0.120000 0.200000 0.016896
0.120000 0.220000 0.018121
0.120000 0.240000 0.019261
0.120000 0.260000 0.020317
0.120000 0.280000 0.021289
0.120000 0.300000 0.022176
0.120000 0.320000 0.022979
0.120000 0.340000 0.023697
0.120000 0.360000 0.024330
0.120000 0.380000 0.024879
0.120000 0.400000 0.025344
0.120000 0.420000 0.025724
0.120000 0.440000 0.026020
0.120000 0.460000 0.026231
0.120000 0.480000 0.026358
0.120000 0.500000 0.026400
0.120000 0.520000 0.026358
0.120000 0.540000 0.026231
0.120000 0.560000 0.026020
0.120000 0.580000 0.025724
0.120000 0.600000 0.025344
0.120000 0.620000 0.024879
0.120000 0.640000 0.024330
0.120000 0.660000 0.023697
0.120000 0.680000 0.022979
0.120000 0.700000 0.022176
0.120000 0.720000 0.021289
0.120000 0.740000 0.020317
0.120000 0.760000 0.019261
0.120000 0.780000 0.018121
0.120000 0.800000 0.016896
0.120000 0.820000 0.015587
0.120000 0.840000 0.014193
0.120000 0.860000 0.012714
0.120000 0.880000 0.011151
0.120000 0.900000 0.009504
0.120000 0.920000 0.007772
0.120000 0.940000 0.005956
0.120000 0.960000 0.004055
0.120000 0.980000 0.002070
0.120000 1.000000 -0.000000
0.140000 0.000000 -0.000000
0.140000 0.020000 0.002360
0.140000 0.040000 0.004623
0.140000 0.060000 0.006791
0.140000 0.080000 0.008861
0.140000 0.100000 0.010836
0.140000 0.120000 0.012714
0.140000 0.140000 0.014496
0.140000 0.160000 0.016182
0.140000 0.180000 0.017771
0.140000 0.200000 0.019264
0.140000 0.220000 0.020661
0.140000 0.240000 0.021961
0.140000 0.260000 0.023165
0.140000 0.280000 0.024273
0.140000 0.300000 0.025284
0.140000 0.320000 0.026199
0.140000 0.340000 0.027018
0.140000 0.360000 0.027740
0.140000 0.380000 0.028366
0.140000 0.400000 0.028896
0.140000 0.420000 0.029329
0.140000 0.440000 0.029667
0.140000 0.460000 0.029907
0.140000 0.480000 0.030052
0.140000 0.500000 0.030100
0.140000 0.520000 0.030052
0.140000 0.540000 0.029907
0.140000 0.560000 0.029667
0.140000 0.580000 0.029329
0.140000 0.600000 0.028896
0.140000 0.620000 0.028366
0.140000 0.640000 0.027740
0.140000 0.660000 0.027018
0.140000 0.680000 0.026199
0.140000 0.700000 0.025284
0.140000 0.720000 0.024273
0.140000 0.740000 0.023165
0.140000 0.760000 0.021961
0.140000 0.780000 0.020661
0.140000 0.800000 0.019264
0.140000 0.820000 0.017771
0.140000 0.840000 0.016182
0.140000 0.860000 0.014496
0.140000 0.880000 0.012714
0.140000 0.900000 0.010836
0.140000 0.920000 0.008861
0.140000 0.940000 0.006791
0.140000 0.960000 0.004623
0.140000 0.980000 0.002360
0.140000 1.000000 -0.000000
0.160000 0.000000 0.000000
0.160000 0.020000 0.002634
0.160000 0.040000 0.005161
0.160000 0.060000 0.007580
0.160000 0.080000 0.009892
0.160000 0.100000 0.012096
0.160000 0.120000 0.014193
0.160000 0.140000 0.016182
0.160000 0.160000 0.018063
0.160000 0.180000 0.019837
0.160000 0.200000 0.021504
0.160000 0.220000 0.023063
0.160000 0.240000 0.024515
0.160000 0.260000 0.025859
0.160000 0.280000 0.027095
0.160000 0.300000 0.028224
0.160000 0.320000 0.029245
0.160000 0.340000 0.030159
0.160000 0.360000 0.030966
0.160000 0.380000 0.031665
0.160000 0.400000 0.032256
0.160000 0.420000 0.032740
0.160000 0.440000 0.033116
0.160000 0.460000 0.033385
0.160000 0.480000 0.033546
0.160000 0.500000 0.033600
0.160000 0.520000 0.033546
0.160000 0.540000 0.033385
0.160000 0.560000 0.033116
0.160000 0.580000 0.032740
0.160000 0.600000 0.032256
0.160000 0.620000 0.031665
0.160000 0.640000 0.030966
0.160000 0.660000 0.030159
0.160000 0.680000 0.029245
0.160000 0.700000 0.028224
0.160000 0.720000 0.027095
0.160000 0.740000 0.025859
0.160000 0.760000 0.024515
0.160000 0.780000 0.023063
0.160000 0.800000 0.021504
0.160000 0.820000 0.019837
0.160000 0.840000 0.018063
0.160000 0.860000 0.016182
0.160000 0.880000 0.014193
0.160000 0.900000 0.012096
0.160000 0.920000 0.009892
0.160000 0.940000 0.007580
0.160000 0.960000 0.005161
0.160000 0.980000 0.002634
0.160000 1.000000 0.000000
0.180000 0.000000 -0.000000
0.180000 0.020000 0.002893
0.180000 0.040000 0.005668
0.180000 0.060000 0.008325
0.180000 0.080000 0.010863
0.180000 0.100000 0.013284
0.180000 0.120000 0.015587
0.180000 0.140000 0.017771
0.180000 0.160000 0.019837
0.180000 0.180000 0.021786
0.180000 0.200000 0.023616
0.180000 0.220000 0.025328
0.180000 0.240000 0.026922
0.180000 0.260000 0.028398
0.180000 0.280000 0.029756
0.180000 0.300000 0.030996
0.180000 0.320000 0.032118
0.180000 0.340000 0.033121
0.180000 0.360000 0.034007
0.180000 0.380000 0.034775
0.180000 0.400000 0.035424
0.180000 0.420000 0.035955
0.180000 0.440000 0.036369
0.180000 0.460000 0.036664
0.180000 0.480000 0.036841
0.180000 0.500000 0.036900
0.180000 0.520000 0.036841
0.180000 0.540000 0.036664
0.180000 0.560000 0.036369
0.180000 0.580000 0.035955
0.180000 0.600000 0.035424
0.180000 0.620000 0.034775
0.180000 0.640000 0.034007
0.180000 0.660000 0.033121
0.180000 0.680000 0.032118
0.180000 0.700000 0.030996
0.180000 0.720000 0.029756
0.180000 0.740000 0.028398
0.180000 0.760000 0.026922
0.180000 0.780000 0.025328
0.180000 0.800000 0.023616
0.180000 0.820000 0.021786
0.180000 0.840000 0.019837
0.180000 0.860000 0.017771
0.180000 0.880000 0.015587
0.180000 0.900000 0.013284
0.180000 0.920000 0.010863
0.180000 0.940000 0.008325
0.180000 0.960000 0.005668
0.180000 0.980000 0.002893
0.180000 1.000000 -0.000000
0.200000 0.000000 0.000000
0.200000 0.020000 0.003136
0.200000 0.040000 0.006144
0.200000 0.060000 0.009024
0.200000 0.080000 0.011776
0.200000 0.100000 0.014400
0.200000 0.120000 0.016896
0.200000 0.140000 0.019264
0.200000 0.160000 0.021504
0.200000 0.180000 0.023616
0.200000 0.200000 0.025600
0.200000 0.220000 0.027456
0.200000 0.240000 0.029184
0.200000 0.260000 0.030784
0.200000 0.280000 0.032256
0.200000 0.300000 0.033600
0.200000 0.320000 0.034816
0.200000 0.340000 0.035904
0.200000 0.360000 0.036864
0.200000 0.380000 0.037696
0.200000 0.400000 0.038400
0.200000 0.420000 0.038976
0.200000 0.440000 0.039424
0.200000 0.460000 0.039744
0.200000 0.480000 0.039936
0.200000 0.500000 0.040000
0.200000 0.520000 0.039936
0.200000 0.540000 0.039744
0.200000 0.560000 0.039424
0.200000 0.580000 0.038976
0.200000 0.600000 0.038400
0.200000 0.620000 0.037696
0.200000 0.640000 0.036864
0.200000 0.660000 0.035904
0.200000 0.680000 0.034816
0.200000 0.700000 0.033600
0.200000 0.720000 0.032256
0.200000 0.740000 0.030784
0.200000 0.760000 0.029184
0.200000 0.780000 0.027456
0.200000 0.800000 0.025600
0.200000 0.820000 0.023616
0.200000 0.840000 0.021504
0.200000 0.860000 0.019264
0.200000 0.880000 0.016896
0.200000 0.900000 0.014400
0.200000 0.920000 0.011776
0.200000 0.940000 0.009024
0.200000 0.960000 0.006144
0.200000 0.980000 0.003136
0.200000 1.000000 -0.000000
0.220000 0.000000 -0.000000
0.220000 0.020000 0.003363
0.220000 0.040000 0.006589
0.220000 0.060000 0.009678
0.220000 0.080000 0.012630
0.220000 0.100000 0.015444
0.220000 0.120000 0.018121
0.220000 0.140000 0.020661
0.220000 0.160000 0.023063
0.220000 0.180000 0.025328
0.220000 0.200000 0.027456
0.220000 0.220000 0.029447
0.220000 0.240000 0.031300
0.220000 0.260000 0.033016
0.220000 0.280000 0.034595
0.220000 0.300000 0.036036
0.220000 0.320000 0.037340
0.220000 0.340000 0.038507
0.220000 0.360000 0.039537
0.220000 0.380000 0.040429
0.220000 0.400000 0.041184
0.220000 0.420000 0.041802
0.220000 0.440000 0.042282
0.220000 0.460000 0.042625
0.220000 0.480000 0.042831
0.220000 0.500000 0.042900
0.220000 0.520000 0.042831
0.220000 0.540000 0.042625
0.220000 0.560000 0.042282
0.220000 0.580000 0.041802
0.220000 0.600000 0.041184
0.220000 0.620000 0.040429
0.220000 0.640000 0.039537
0.220000 0.660000 0.038507
0.220000 0.680000 0.037340
0.220000 0.700000 0.036036
0.220000 0.720000 0.034595
0.220000 0.740000 0.033016
0.220000 0.760000 0.031300
0.220000 0.780000 0.029447
0.220000 0.800000 0.027456
0.220000 0.820000 0.025328
0.220000 0.840000 0.023063
0.220000 0.860000 0.020661
0.220000 0.880000 0.018121
0.220000 0.900000 0.015444
0.220000 0.920000 0.012630
0.220000 0.940000 0.009678
0.220000 0.960000 0.006589
0.220000 0.980000 0.003363
0.220000 1.000000 0.000000
0.240000 0.000000 0.000000
0.240000 0.020000 0.003575
0.240000 0.040000 0.007004
0.240000 0.060000 0.010287
0.240000 0.080000 0.013425
0.240000 0.100000 0.016416
0.240000 0.120000 0.019261
0.240000 0.140000 0.021961
0.240000 0.160000 0.024515
0.240000 0.180000 0.026922
0.240000 0.200000 0.029184
0.240000 0.220000 0.031300
0.240000 0.240000 0.033270
0.240000 0.260000 0.035094
0.240000 0.280000 0.036772
0.240000 0.300000 0.038304
0.240000 0.320000 0.039690
0.240000 0.340000 0.040931
0.240000 0.360000 0.042025
0.240000 0.380000 0.042973
0.240000 0.400000 0.043776
0.240000 0.420000 0.044433
0.240000 0.440000 0.044943
0.240000 0.460000 0.045308
0.240000 0.480000 0.045527
0.240000 0.500000 0.045600
0.240000 0.520000 0.045527
0.240000 0.540000 0.045308
0.240000 0.560000 0.044943
0.240000 0.580000 0.044433
0.240000 0.600000 0.043776
0.240000 0.620000 0.042973
0.240000 0.640000 0.042025
0.240000 0.660000 0.040931
0.240000 0.680000 0.039690
0.240000 0.700000 0.038304
0.240000 0.720000 0.036772
0.240000 0.740000 0.035094
0.240000 0.760000 0.033270
0.240000 0.780000 0.031300
0.240000 0.800000 0.029184
0.240000 0.820000 0.026922
0.240000 0.840000 0.024515
0.240000 0.860000 0.021961
0.240000 0.880000 0.019261
0.240000 0.900000 0.016416
0.240000 0.920000 0.013425
0.240000 0.940000 0.010287
0.240000 0.960000 0.007004
0.240000 0.980000 0.003575
0.240000 1.000000 -0.000000
0.260000 0.000000 -0.000000
0.260000 0.020000 0.003771
0.260000 0.040000 0.007388
0.260000 0.060000 0.010851
0.260000 0.080000 0.014161
0.260000 0.100000 0.017316
0.260000 0.120000 0.020317
0.260000 0.140000 0.023165
0.260000 0.160000 0.025859
0.260000 0.180000 0.028398
0.260000 0.200000 0.030784
0.260000 0.220000 0.033016
0.260000 0.240000 0.035094
0.260000 0.260000 0.037018
0.260000 0.280000 0.038788
0.260000 0.300000 0.040404
0.260000 0.320000 0.041866
0.260000 0.340000 0.043175
0.260000 0.360000 0.044329
0.260000 0.380000 0.045329
0.260000 0.400000 0.046176
0.260000 0.420000 0.046869
0.260000 0.440000 0.047407
0.260000 0.460000 0.047792
0.260000 0.480000 0.048023
0.260000 0.500000 0.048100
0.260000 0.520000 0.048023
0.260000 0.540000 0.047792
0.260000 0.560000 0.047407
0.260000 0.580000 0.046869
0.260000 0.600000 0.046176
0.260000 0.620000 0.045329
0.260000 0.640000 0.044329
0.260000 0.660000 0.043175
0.260000 0.680000 0.041866
0.260000 0.700000 0.040404
0.260000 0.720000 0.038788
0.260000 0.740000 0.037018
0.260000 0.760000 0.035094
0.260000 0.780000 0.033016
0.260000 0.800000 0.030784
0.260000 0.820000 0.028398
0.260000 0.840000 0.025859
0.260000 0.860000 0.023165
0.260000 0.880000 0.020317
0.260000 0.900000 0.017316
0.260000 0.920000 0.014161
0.260000 0.940000 0.010851
0.260000 0.960000 0.007388
0.260000 0.980000 0.003771
0.260000 1.000000 -0.000000
0.280000 0.000000 -0.000000
0.280000 0.020000 0.003951
0.280000 0.040000 0.007741
0.280000 0.060000 0.011370
0.280000 0.080000 0.014838
0.280000 0.100000 0.018144
0.280000 0.120000 0.021289
0.280000 0.140000 0.024273
0.280000 0.160000 0.027095
0.280000 0.180000 0.029756
0.280000 0.200000 0.032256
0.280000 0.220000 0.034595
0.280000 0.240000 0.036772
0.280000 0.260000 0.038788
0.280000 0.280000 0.040643
0.280000 0.300000 0.042336
0.280000 0.320000 0.043868
0.280000 0.340000 0.045239
0.280000 0.360000 0.046449
0.280000 0.380000 0.047497
0.280000 0.400000 0.048384
0.280000 0.420000 0.049110
0.280000 0.440000 0.049674
0.280000 0.460000 0.050077
0.280000 0.480000 0.050319
0.280000 0.500000 0.050400
0.280000 0.520000 0.050319
0.280000 0.540000 0.050077
0.280000 0.560000 0.049674
0.280000 0.580000 0.049110
0.280000 0.600000 0.048384
0.280000 0.620000 0.047497
0.280000 0.640000 0.046449
0.280000 0.660000 0.045239
0.280000 0.680000 0.043868
0.280000 0.700000 0.042336
0.280000 0.720000 0.040643
0.280000 0.740000 0.038788
0.280000 0.760000 0.036772
0.280000 0.780000 0.034595
0.280000 0.800000 0.032256
0.280000 0.820000 0.029756
0.280000 0.840000 0.027095
0.280000 0.860000 0.024273
0.280000 0.880000 0.021289
0.280000 0.900000 0.018144
0.280000 0.920000 0.014838
0.280000 0.940000 0.011370
0.280000 0.960000 0.007741
0.280000 0.980000 0.003951
0.280000 1.000000 -0.000000
0.300000 0.000000 -0.000000
0.300000 0.020000 0.004116
0.300000 0.040000 0.008064
0.300000 0.060000 0.011844
0.300000 0.080000 0.015456
0.300000 0.100000 0.018900
0.300000 0.120000 0.022176
0.300000 0.140000 0.025284
0.300000 0.160000 0.028224
0.300000 0.180000 0.030996
0.300000 0.200000 0.033600
0.300000 0.220000 0.036036
0.300000 0.240000 0.038304
0.300000 0.260000 0.040404
0.300000 0.280000 0.042336
0.300000 0.300000 0.044100
0.300000 0.320000 0.045696
0.300000 0.340000 0.047124
0.300000 0.360000 0.048384
0.300000 0.380000 0.049476
0.300000 0.400000 0.050400
0.300000 0.420000 0.051156
0.300000 0.440000 0.051744
0.300000 0.460000 0.052164
0.300000 0.480000 0.052416
0.300000 0.500000 0.052500
0.300000 0.520000 0.052416
0.300000 0.540000 0.052164
0.300000 0.560000 0.051744
0.300000 0.580000 0.051156
0.300000 0.600000 0.050400
0.300000 0.620000 0.049476
0.300000 0.640000 0.048384
0.300000 0.660000 0.047124
0.300000 0.680000 0.045696
0.300000 0.700000 0.044100
0.300000 0.720000 0.042336
0.300000 0.740000 0.040404
0.300000 0.760000 0.038304
0.300000 0.780000 0.036036
0.300000 0.800000 0.033600
0.300000 0.820000 0.030996
0.300000 0.840000 0.028224
0.300000 0.860000 0.025284
0.300000 0.880000 0.022176
0.300000 0.900000 0.018900
0.300000 0.920000 0.015456
0.300000 0.940000 0.011844
0.300000 0.960000 0.008064
0.300000 0.980000 0.004116
0.300000 1.000000 0.000000
0.320000 0.000000 0.000000
0.320000 0.020000 0.004265
0.320000 0.040000 0.008356
0.320000 0.060000 0.012273
0.320000 0.080000 0.016015
0.320000 0.100000 0.019584
0.320000 0.120000 0.022979
0.320000 0.140000 0.026199
0.320000 0.160000 0.029245
0.320000 0.180000 0.032118
0.320000 0.200000 0.034816
0.320000 0.220000 0.037340
0.320000 0.240000 0.039690
0.320000 0.260000 0.041866
0.320000 0.280000 0.043868
0.320000 0.300000 0.045696
0.320000 0.320000 0.047350
0.320000 0.340000 0.048829
0.320000 0.360000 0.050135
0.320000 0.380000 0.051267
0.320000 0.400000 0.052224
0.320000 0.420000 0.053007
0.320000 0.440000 0.053617
0.320000 0.460000 0.054052
0.320000 0.480000 0.054313
0.320000 0.500000 0.054400
0.320000 0.520000 0.054313
0.320000 0.540000 0.054052
0.320000 0.560000 0.053617
0.320000 0.580000 0.053007
0.320000 0.600000 0.052224
0.320000 0.620000 0.051267
0.320000 0.640000 0.050135
0.320000 0.660000 0.048829
0.320000 0.680000 0.047350
0.320000 0.700000 0.045696
0.320000 0.720000 0.043868
0.320000 0.740000 0.041866
0.320000 0.760000 0.039690
0.320000 0.780000 0.037340
0.320000 0.800000 0.034816
0.320000 0.820000 0.032118
0.320000 0.840000 0.029245
0.320000 0.860000 0.026199
0.320000 0.880000 0.022979
0.320000 0.900000 0.019584
0.320000 0.920000 0.016015
0.320000 0.940000 0.012273
0.320000 0.960000 0.008356
0.320000 0.980000 0.004265
0.320000 1.000000 -0.000000
0.340000 0.000000 -0.000000
0.340000 0.020000 0.004398
0.340000 0.040000 0.008617
0.340000 0.060000 0.012656
0.340000 0.080000 0.016516
0.340000 0.100000 0.020196
0.340000 0.120000 0.023697
0.340000 0.140000 0.027018
0.340000 0.160000 0.030159
0.340000 0.180000 0.033121
0.340000 0.200000 0.035904
0.340000 0.220000 0.038507
0.340000 0.240000 0.040931
0.340000 0.260000 0.043175
0.340000 0.280000 0.045239
0.340000 0.300000 0.047124
0.340000 0.320000 0.048829
0.340000 0.340000 0.050355
0.340000 0.360000 0.051702
0.340000 0.380000 0.052869
0.340000 0.400000 0.053856
0.340000 0.420000 0.054664
0.340000 0.440000 0.055292
0.340000 0.460000 0.055741
0.340000 0.480000 0.056010
0.340000 0.500000 0.056100
0.340000 0.520000 0.056010
0.340000 0.540000 0.055741
0.340000 0.560000 0.055292
0.340000 0.580000 0.054664
0.340000 0.600000 0.053856
0.340000 0.620000 0.052869
0.340000 0.640000 0.051702
0.340000 0.660000 0.050355
0.340000 0.680000 0.048829
0.340000 0.700000 0.047124
0.340000 0.720000 0.045239
0.340000 0.740000 0.043175
0.340000 0.760000 0.040931
0.340000 0.780000 0.038507
0.340000 0.800000 0.035904
0.340000 0.820000 0.033121
0.340000 0.840000 0.030159
0.340000 0.860000 0.027018
0.340000 0.880000 0.023697
0.340000 0.900000 0.020196
0.340000 0.920000 0.016516
0.340000 0.940000 0.012656
0.340000 0.960000 0.008617
0.340000 0.980000 0.004398
0.340000 1.000000 -0.000000
0.360000 0.000000 0.000000
0.360000 0.020000 0.004516
0.360000 0.040000 0.008847
0.360000 0.060000 0.012995
0.360000 0.080000 0.016957
0.360000 0.100000 0.020736
0.360000 0.120000 0.024330
0.360000 0.140000 0.027740
0.360000 0.160000 0.030966
0.360000 0.180000 0.034007
0.360000 0.200000 0.036864
0.360000 0.220000 0.039537
0.360000 0.240000 0.042025
0.360000 0.260000 0.044329
0.360000 0.280000 0.046449
0.360000 0.300000 0.048384
0.360000 0.320000 0.050135
0.360000 0.340000 0.051702
0.360000 0.360000 0.053084
0.360000 0.380000 0.054282
0.360000 0.400000 0.055296
0.360000 0.420000 0.056125
0.360000 0.440000 0.056771
0.360000 0.460000 0.057231
0.360000 0.480000 0.057508
0.360000 0.500000 0.057600
0.360000 0.520000 0.057508
0.360000 0.540000 0.057231
0.360000 0.560000 0.056771
0.360000 0.580000 0.056125
0.360000 0.600000 0.055296
0.360000 0.620000 0.054282
0.360000 0.640000 0.053084
0.360000 0.660000 0.051702
0.360000 0.680000 0.050135
0.360000 0.700000 0.048384
0.360000 0.720000 0.046449
0.360000 0.740000 0.044329
0.360000 0.760000 0.042025
0.360000 0.780000 0.039537
0.360000 0.800000 0.036864
0.360000 0.820000 0.034007
0.360000 0.840000 0.030966
0.360000 0.860000 0.027740
0.360000 0.880000 0.024330
0.360000 0.900000 0.020736
0.360000 0.920000 0.016957
0.360000 0.940000 0.012995
0.360000 0.960000 0.008847
0.360000 0.980000 0.004516
0.360000 1.000000 0.000000
0.380000 0.000000 0.000000
0.380000 0.020000 0.004618
0.380000 0.040000 0.009047
0.380000 0.060000 0.013288
0.380000 0.080000 0.017340
0.380000 0.100000 0.021204
0.380000 0.120000 0.024879
0.380000 0.140000 0.028366
0.380000 0.160000 0.031665
0.380000 0.180000 0.034775
0.380000 0.200000 0.037696
0.380000 0.220000 0.040429
0.380000 0.240000 0.042973
0.380000 0.260000 0.045329
0.380000 0.280000 0.047497
0.380000 0.300000 0.049476
0.380000 0.320000 0.051267
0.380000 0.340000 0.052869
0.380000 0.360000 0.054282
0.380000 0.380000 0.055507
0.380000 0.400000 0.056544
0.380000 0.420000 0.057392
0.380000 0.440000 0.058052
0.380000 0.460000 0.058523
0.380000 0.480000 0.058806
0.380000 0.500000 0.058900
0.380000 0.520000 0.058806
0.380000 0.540000 0.058523
0.380000 0.560000 0.058052
0.380000 0.580000 0.057392
0.380000 0.600000 0.056544
0.380000 0.620000 0.055507
0.380000 0.640000 0.054282
0.380000 0.660000 0.052869
0.380000 0.680000 0.051267
0.380000 0.700000 0.049476
0.380000 0.720000 0.047497
0.380000 0.740000 0.045329
0.380000 0.760000 0.042973
0.380000 0.780000 0.040429
0.380000 0.800000 0.037696
0.380000 0.820000 0.034775
0.380000 0.840000 0.031665
0.380000 0.860000 0.028366
0.380000 0.880000 0.024879
0.380000 0.900000 0.021204
0.380000 0.920000 0.017340
0.380000 0.940000 0.013288
0.380000 0.960000 0.009047
0.380000 0.980000 0.004618
0.380000 1.000000 0.000000
0.400000 0.000000 0.000000
0.400000 0.020000 0.004704
0.400000 0.040000 0.009216
0.400000 0.060000 0.013536
0.400000 0.080000 0.017664
0.400000 0.100000 0.021600
0.400000 0.120000 0.025344
0.400000 0.140000 0.028896
0.400000 0.160000 0.032256
0.400000 0.180000 0.035424
0.400000 0.200000 0.038400
0.400000 0.220000 0.041184
0.400000 0.240000 0.043776
0.400000 0.260000 0.046176
0.400000 0.280000 0.048384
0.400000 0.300000 0.050400
0.400000 0.320000 0.052224
0.400000 0.340000 0.053856
0.400000 0.360000 0.055296
0.400000 0.380000 0.056544
0.400000 0.400000 0.057600
0.400000 0.420000 0.058464
0.400000 0.440000 0.059136
0.400000 0.460000 0.059616
0.400000 0.480000 0.059904
0.400000 0.500000 0.060000
0.400000 0.520000 0.059904
0.400000 0.540000 0.059616
0.400000 0.560000 0.059136
0.400000 0.580000 0.058464
0.400000 0.600000 0.057600
0.400000 0.620000 0.056544
0.400000 0.640000 0.055296
0.400000 0.660000 0.053856
0.400000 0.680000 0.052224
0.400000 0.700000 0.050400
0.400000 0.720000 0.048384
0.400000 0.740000 0.046176
0.400000 0.760000 0.043776
0.400000 0.780000 0.041184
0.400000 0.800000 0.038400
0.400000 0.820000 0.035424
0.400000 0.840000 0.032256
0.400000 0.860000 0.028896
0.400000 0.880000 0.025344
0.400000 0.900000 0.021600
0.400000 0.920000 0.017664
0.400000 0.940000 0.013536
0.400000 0.960000 0.009216
0.400000 0.980000 0.004704
0.400000 1.000000 0.000000
0.420000 0.000000 0.000000
0.420000 0.020000 0.004775
0.420000 0.040000 0.009354
0.420000 0.060000 0.013739
0.420000 0.080000 0.017929
0.420000 0.100000 0.021924
0.420000 0.120000 0.025724
0.420000 0.140000 0.029329
0.420000 0.160000 0.032740
0.420000 0.180000 0.035955
0.420000 0.200000 0.038976
0.420000 0.220000 0.041802
0.420000 0.240000 0.044433
0.420000 0.260000 0.046869
0.420000 0.280000 0.049110
0.420000 0.300000 0.051156
0.420000 0.320000 0.053007
0.420000 0.340000 0.054664
0.420000 0.360000 0.056125
0.420000 0.380000 0.057392
0.420000 0.400000 0.058464
0.420000 0.420000 0.059341
0.420000 0.440000 0.060023
0.420000 0.460000 0.060510
0.420000 0.480000 0.060803
0.420000 0.500000 0.060900
0.420000 0.520000 0.060803
0.420000 0.540000 0.060510
0.420000 0.560000 0.060023
0.420000 0.580000 0.059341
0.420000 0.600000 0.058464
0.420000 0.620000 0.057392
0.420000 0.640000 0.056125
0.420000 0.660000 0.054664
0.420000 0.680000 0.053007
0.420000 0.700000 0.051156
0.420000 0.720000 0.049110
0.420000 0.740000 0.046869
0.420000 0.760000 0.044433
0.420000 0.780000 0.041802
0.420000 0.800000 0.038976
0.420000 0.820000 0.035955
0.420000 0.840000 0.032740
0.420000 0.860000 0.029329
0.420000 0.880000 0.025724
0.420000 0.900000 0.021924
0.420000 0.920000 0.017929
0.420000 0.940000 0.013739
0.420000 0.960000 0.009354
0.420000 0.980000 0.004775
0.420000 1.000000 0.000000
0.440000 0.000000 0.000000
0.440000 0.020000 0.004829
0.440000 0.040000 0.009462
0.440000 0.060000 0.013897
0.440000 0.080000 0.018135
0.440000 0.100000 0.022176
0.440000 0.120000 0.026020
0.440000 0.140000 0.029667
0.440000 0.160000 0.033116
0.440000 0.180000 0.036369
0.440000 0.200000 0.039424
0.440000 0.220000 0.042282
0.440000 0.240000 0.044943
0.440000 0.260000 0.047407
0.440000 0.280000 0.049674
0.440000 0.300000 0.051744
0.440000 0.320000 0.053617
0.440000 0.340000 0.055292
0.440000 0.360000 0.056771
0.440000 0.380000 0.058052
0.440000 0.400000 0.059136
0.440000 0.420000 0.060023
0.440000 0.440000 0.060713
0.440000 0.460000 0.061206
0.440000 0.480000 0.061501
0.440000 0.500000 0.061600
0.440000 0.520000 0.061501
0.440000 0.540000 0.061206
0.440000 0.560000 0.060713
0.440000 0.580000 0.060023
0.440000 0.600000 0.059136
0.440000 0.620000 0.058052
0.440000 0.640000 0.056771
0.440000 0.660000 0.055292
0.440000 0.680000 0.053617
0.440000 0.700000 0.051744
0.440000 0.720000 0.049674
0.440000 0.740000 0.047407
0.440000 0.760000 0.044943
0.440000 0.780000 0.042282
0.440000 0.800000 0.039424
0.440000 0.820000 0.036369
0.440000 0.840000 0.033116
0.440000 0.860000 0.029667
0.440000 0.880000 0.026020
0.440000 0.900000 0.022176
0.440000 0.920000 0.018135
0.440000 0.940000 0.013897
0.440000 0.960000 0.009462
0.440000 0.980000 0.004829
0.440000 1.000000 -0.000000
0.460000 0.000000 0.000000
0.460000 0.020000 0.004869
0.460000 0.040000 0.009539
0.460000 0.060000 0.014010
0.460000 0.080000 0.018282
0.460000 0.100000 0.022356
0.460000 0.120000 0.026231
0.460000 0.140000 0.029907
0.460000 0.160000 0.033385
0.460000 0.180000 0.036664
0.460000 0.200000 0.039744
0.460000 0.220000 0.042625
0.460000 0.240000 0.045308
0.460000 0.260000 0.047792
0.460000 0.280000 0.050077
0.460000 0.300000 0.052164
0.460000 0.320000 0.054052
0.460000 0.340000 0.055741
0.460000 0.360000 0.057231
0.460000 0.380000 0.058523
0.460000 0.400000 0.059616
0.460000 0.420000 0.060510
0.460000 0.440000 0.061206
0.460000 0.460000 0.061703
0.460000 0.480000 0.062001
0.460000 0.500000 0.062100
0.460000 0.520000 0.062001
0.460000 0.540000 0.061703
0.460000 0.560000 0.061206
0.460000 0.580000 0.060510
0.460000 0.600000 0.059616
0.460000 0.620000 0.058523
0.460000 0.640000 0.057231
0.460000 0.660000 0.055741
0.460000 0.680000 0.054052
0.460000 0.700000 0.052164
0.460000 0.720000 0.050077
0.460000 0.740000 0.047792
0.460000 0.760000 0.045308
0.460000 0.780000 0.042625
0.460000 0.800000 0.039744
0.460000 0.820000 0.036664
0.460000 0.840000 0.033385
0.460000 0.860000 0.029907
0.460000 0.880000 0.026231
0.460000 0.900000 0.022356
0.460000 0.920000 0.018282
0.460000 0.940000 0.014010
0.460000 0.960000 0.009539
0.460000 0.980000 0.004869
0.460000 1.000000 0.000000
0.480000 0.000000 -0.000000
0.480000 0.020000 0.004892
0.480000 0.040000 0.009585
0.480000 0.060000 0.014077
0.480000 0.080000 0.018371
0.480000 0.100000 0.022464
0.480000 0.120000 0.026358
0.480000 0.140000 0.030052
0.480000 0.160000 0.033546
0.480000 0.180000 0.036841
0.480000 0.200000 0.039936
0.480000 0.220000 0.042831
0.480000 0.240000 0.045527
0.480000 0.260000 0.048023
0.480000 0.280000 0.050319
0.480000 0.300000 0.052416
0.480000 0.320000 0.054313
0.480000 0.340000 0.056010
0.480000 0.360000 0.057508
0.480000 0.380000 0.058806
0.480000 0.400000 0.059904
0.480000 0.420000 0.060803
0.480000 0.440000 0.061501
0.480000 0.460000 0.062001
0.480000 0.480000 0.062300
0.480000 0.500000 0.062400
0.480000 0.520000 0.062300
0.480000 0.540000 0.062001
0.480000 0.560000 0.061501
0.480000 0.580000 0.060803
0.480000 0.600000 0.059904
0.480000 0.620000 0.058806
0.480000 0.640000 0.057508
0.480000 0.660000 0.056010
0.480000 0.680000 0.054313
0.480000 0.700000 0.052416
0.480000 0.720000 0.050319
0.480000 0.740000 0.048023
0.480000 0.760000 0.045527
0.480000 0.780000 0.042831
0.480000 0.800000 0.039936
0.480000 0.820000 0.036841
0.480000 0.840000 0.033546
0.480000 0.860000 0.030052
0.480000 0.880000 0.026358
0.480000 0.900000 0.022464
0.480000 0.920000 0.018371
0.480000 0.940000 0.014077
0.480000 0.960000 0.009585
0.480000 0.980000 0.004892
0.480000 1.000000 -0.000000
0.500000 0.000000 -0.000000
0.500000 0.020000 0.004900
0.500000 0.040000 0.009600
0.500000 0.060000 0.014100
0.500000 0.080000 0.018400
0.500000 0.100000 0.022500
0.500000 0.120000 0.026400
0.500000 0.140000 0.030100
0.500000 0.160000 0.033600
0.500000 0.180000 0.036900
0.500000 0.200000 0.040000
0.500000 0.220000 0.042900
0.500000 0.240000 0.045600
0.500000 0.260000 0.048100
0.500000 0.280000 0.050400
0.500000 0.300000 0.052500
0.500000 0.320000 0.054400
0.500000 0.340000 0.056100
0.500000 0.360000 0.057600
0.500000 0.380000 0.058900
0.500000 0.400000 0.060000
0.500000 0.420000 0.060900
0.500000 0.440000 0.061600
0.500000 0.460000 0.062100
0.500000 0.480000 0.062400
0.500000 0.500000 0.062500
0.500000 0.520000 0.062400
0.500000 0.540000 0.062100
0.500000 0.560000 0.061600
0.500000 0.580000 0.060900
0.500000 0.600000 0.060000
0.500000 0.620000 0.058900
0.500000 0.640000 0.057600
0.500000 0.660000 0.056100
0.500000 0.680000 0.054400
0.500000 0.700000 0.052500
0.500000 0.720000 0.050400
0.500000 0.740000 0.048100
0.500000 0.760000 0.045600
0.500000 0.780000 0.042900
0.500000 0.800000 0.040000
0.500000 0.820000 0.036900
0.500000 0.840000 0.033600
0.500000 0.860000 0.030100
0.500000 0.880000 0.026400
0.500000 0.900000 0.022500
0.500000 0.920000 0.018400
0.500000 0.940000 0.014100
0.500000 0.960000 0.009600
0.500000 0.980000 0.004900
0.500000 1.000000 -0.000000
0.520000 0.000000 -0.000000
0.520000 0.020000 0.004892
0.520000 0.040000 0.009585
0.520000 0.060000 0.014077
0.520000 0.080000 0.018371
0.520000 0.100000 0.022464
0.520000 0.120000 0.026358
0.520000 0.140000 0.030052
0.520000 0.160000 0.033546
0.520000 0.180000 0.036841
0.520000 0.200000 0.039936
0.520000 0.220000 0.042831
0.520000 0.240000 0.045527
0.520000 0.260000 0.048023
0.520000 0.280000 0.050319
0.520000 0.300000 0.052416
0.520000 0.320000 0.054313
0.520000 0.340000 0.056010
0.520000 0.360000 0.057508
0.520000 0.380000 0.058806
0.520000 0.400000 0.059904
0.520000 0.420000 0.060803
0.520000 0.440000 0.061501
0.520000 0.460000 0.062001
0.520000 0.480000 0.062300
0.520000 0.500000 0.062400
0.520000 0.520000 0.062300
0.520000 0.540000 0.062001
0.520000 0.560000 0.061501
0.520000 0.580000 0.060803
0.520000 0.600000 0.059904
0.520000 0.620000 0.058806
0.520000 0.640000 0.057508
0.520000 0.660000 0.056010
0.520000 0.680000 0.054313
0.520000 0.700000 0.052416
0.520000 0.720000 0.050319
0.520000 0.740000 0.048023
0.520000 0.760000 0.045527
0.520000 0.780000 0.042831
0.520000 0.800000 0.039936
0.520000 0.820000 0.036841
0.520000 0.840000 0.033546
0.520000 0.860000 0.030052
0.520000 0.880000 0.026358
0.520000 0.900000 0.022464
0.520000 0.920000 0.018371
0.520000 0.940000 0.014077
0.520000 0.960000 0.009585
0.520000 0.980000 0.004892
0.520000 1.000000 -0.000000
0.540000 0.000000 -0.000000
0.540000 0.020000 0.004869
0.540000 0.040000 0.009539
0.540000 0.060000 0.014010
0.540000 0.080000 0.018282
0.540000 0.100000 0.022356
0.540000 0.120000 0.026231
0.540000 0.140000 0.029907
0.540000 0.160000 0.033385
0.540000 0.180000 0.036664
0.540000 0.200000 0.039744
0.540000 0.220000 0.042625
0.540000 0.240000 0.045308
0.540000 0.260000 0.047792
0.540000 0.280000 0.050077
0.540000 0.300000 0.052164
0.540000 0.320000 0.054052
0.540000 0.340000 0.055741
0.540000 0.360000 0.057231
0.540000 0.380000 0.058523
0.540000 0.400000 0.059616
0.540000 0.420000 0.060510
0.540000 0.440000 0.061206
0.540000 0.460000 0.061703
0.540000 0.480000 0.062001
0.540000 0.500000 0.062100
0.540000 0.520000 0.062001
0.540000 0.540000 0.061703
0.540000 0.560000 0.061206
0.540000 0.580000 0.060510
0.540000 0.600000 0.059616
0.540000 0.620000 0.058523
0.540000 0.640000 0.057231
0.540000 0.660000 0.055741
0.540000 0.680000 0.054052
0.540000 0.700000 0.052164
0.540000 0.720000 0.050077
0.540000 0.740000 0.047792
0.540000 0.760000 0.045308
0.540000 0.780000 0.042625
0.540000 0.800000 0.039744
0.540000 0.820000 0.036664
0.540000 0.840000 0.033385
0.540000 0.860000 0.029907
0.540000 0.880000 0.026231
0.540000 0.900000 0.022356
0.540000 0.920000 0.018282
0.540000 0.940000 0.014010
0.540000 0.960000 0.009539
0.540000 0.980000 0.004869
0.540000 1.000000 0.000000
0.560000 0.000000 -0.000000
0.560000 0.020000 0.004829
0.560000 0.040000 0.009462
0.560000 0.060000 0.013897
0.560000 0.080000 0.018135
0.560000 0.100000 0.022176
0.560000 0.120000 0.026020
0.560000 0.140000 0.029667
0.560000 0.160000 0.033116
0.560000 0.180000 0.036369
0.560000 0.200000 0.039424
0.560000 0.220000 0.042282
0.560000 0.240000 0.044943
0.560000 0.260000 0.047407
0.560000 0.280000 0.049674
0.560000 0.300000 0.051744
0.560000 0.320000 0.053617
0.560000 0.340000 0.055292
0.560000 0.360000 0.056771
0.560000 0.380000 0.058052
0.560000 0.400000 0.059136
0.560000 0.420000 0.060023
0.560000 0.440000 0.060713
0.560000 0.460000 0.061206
0.560000 0.480000 0.061501
0.560000 0.500000 0.061600
0.560000 0.520000 0.061501
0.560000 0.540000 0.061206
0.560000 0.560000 0.060713
0.560000 0.580000 0.060023
0.560000 0.600000 0.059136
0.560000 0.620000 0.058052
0.560000 0.640000 0.056771
0.560000 0.660000 0.055292
0.560000 0.680000 0.053617
0.560000 0.700000 0.051744
0.560000 0.720000 0.049674
0.560000 0.740000 0.047407
0.560000 0.760000 0.044943
0.560000 0.780000 0.042282
0.560000 0.800000 0.039424
0.560000 0.820000 0.036369
0.560000 0.840000 0.033116
0.560000 0.860000 0.029667
0.560000 0.880000 0.026020
0.560000 0.900000 0.022176
0.560000 0.920000 0.018135
0.560000 0.940000 0.013897
0.560000 0.960000 0.009462
0.560000 0.980000 0.004829
0.560000 1.000000 -0.000000
0.580000 0.000000 -0.000000
0.580000 0.020000 0.004775
0.580000 0.040000 0.009354
0.580000 0.060000 0.013739
0.580000 0.080000 0.017929
0.580000 0.100000 0.021924
0.580000 0.120000 0.025724
0.580000 0.140000 0.029329
0.580000 0.160000 0.032740
0.580000 0.180000 0.035955
0.580000 0.200000 0.038976
0.580000 0.220000 0.041802
0.580000 0.240000 0.044433
0.580000 0.260000 0.046869
0.580000 0.280000 0.049110
0.580000 0.300000 0.051156
0.580000 0.320000 0.053007
0.580000 0.340000 0.054664
0.580000 0.360000 0.056125
0.580000 0.380000 0.057392
0.580000 0.400000 0.058464
0.580000 0.420000 0.059341
0.580000 0.440000 0.060023
0.580000 0.460000 0.060510
0.580000 0.480000 0.060803
0.580000 0.500000 0.060900
0.580000 0.520000 0.060803
0.580000 0.540000 0.060510
0.580000 0.560000 0.060023
0.580000 0.580000 0.059341
0.580000 0.600000 0.058464
0.580000 0.620000 0.057392
0.580000 0.640000 0.056125
0.580000 0.660000 0.054664
0.580000 0.680000 0.053007
0.580000 0.700000 0.051156
0.580000 0.720000 0.049110
0.580000 0.740000 0.046869
0.580000 0.760000 0.044433
0.580000 0.780000 0.041802
0.580000 0.800000 0.038976
0.580000 0.820000 0.035955
0.580000 0.840000 0.032740
0.580000 0.860000 0.029329
0.580000 0.880000 0.025724
0.580000 0.900000 0.021924
0.580000 0.920000 0.017929
0.580000 0.940000 0.013739
0.580000 0.960000 0.009354
0.580000 0.980000 0.004775
0.580000 1.000000 0.000000
0.600000 0.000000 -0.000000
0.600000 0.020000 0.004704
0.600000 0.040000 0.009216
0.600000 0.060000 0.013536
0.600000 0.080000 0.017664
0.600000 0.100000 0.021600
0.600000 0.120000 0.025344
0.600000 0.140000 0.028896
0.600000 0.160000 0.032256
0.600000 0.180000 0.035424
0.600000 0.200000 0.038400
0.600000 0.220000 0.041184
0.600000 0.240000 0.043776
0.600000 0.260000 0.046176
0.600000 0.280000 0.048384
0.600000 0.300000 0.050400
0.600000 0.320000 0.052224
0.600000 0.340000 0.053856
0.600000 0.360000 0.055296
0.600000 0.380000 0.056544
0.600000 0.400000 0.057600
0.600000 0.420000 0.058464
0.600000 0.440000 0.059136
0.600000 0.460000 0.059616
0.600000 0.480000 0.059904
0.600000 0.500000 0.060000
0.600000 0.520000 0.059904
0.600000 0.540000 0.059616
0.600000 0.560000 0.059136
0.600000 0.580000 0.058464
0.600000 0.600000 0.057600
0.600000 0.620000 0.056544
0.600000 0.640000 0.055296
0.600000 0.660000 0.053856
0.600000 0.680000 0.052224
0.600000 0.700000 0.050400
0.600000 0.720000 0.048384
0.600000 0.740000 0.046176
0.600000 0.760000 0.043776
0.600000 0.780000 0.041184
0.600000 0.800000 0.038400
0.600000 0.820000 0.035424
0.600000 0.840000 0.032256
0.600000 0.860000 0.028896
0.600000 0.880000 0.025344
0.600000 0.900000 0.021600
0.600000 0.920000 0.017664
0.600000 0.940000 0.013536
0.600000 0.960000 0.009216
0.600000 0.980000 0.004704
0.600000 1.000000 -0.000000
0.620000 0.000000 -0.000000
0.620000 0.020000 0.004618
0.620000 0.040000 0.009047
0.620000 0.060000 0.013288
0.620000 0.080000 0.017340
0.620000 0.100000 0.021204
0.620000 0.120000 0.024879
0.620000 0.140000 0.028366
0.620000 0.160000 0.031665
0.620000 0.180000 0.034775
0.620000 0.200000 0.037696
0.620000 0.220000 0.040429
0.620000 0.240000 0.042973
0.620000 0.260000 0.045329
0.620000 0.280000 0.047497
0.620000 0.300000 0.049476
0.620000 0.320000 0.051267
0.620000 0.340000 0.052869
0.620000 0.360000 0.054282
0.620000 0.380000 0.055507
0.620000 0.400000 0.056544
0.620000 0.420000 0.057392
0.620000 0.440000 0.058052
0.620000 0.460000 0.058523
0.620000 0.480000 0.058806
0.620000 0.500000 0.058900
0.620000 0.520000 0.058806
0.620000 0.540000 0.058523
0.620000 0.560000 0.058052
0.620000 0.580000 0.057392
0.620000 0.600000 0.056544
0.620000 0.620000 0.055507
0.620000 0.640000 0.054282
0.620000 0.660000 0.052869
0.620000 0.680000 0.051267
0.620000 0.700000 0.049476
0.620000 0.720000 0.047497
0.620000 0.740000 0.045329
0.620000 0.760000 0.042973
0.620000 0.780000 0.040429
0.620000 0.800000 0.037696
0.620000 0.820000 0.034775
0.620000 0.840000 0.031665
0.620000 0.860000 0.028366
0.620000 0.880000 0.024879
0.620000 0.900000 0.021204
0.620000 0.920000 0.017340
0.620000 0.940000 0.013288
0.620000 0.960000 0.009047
0.620000 0.980000 0.004618
0.620000 1.000000 0.000000
0.640000 0.000000 -0.000000
0.640000 0.020000 0.004516
0.640000 0.040000 0.008847
0.640000 0.060000 0.012995
0.640000 0.080000 0.016957
0.640000 0.100000 0.020736
0.640000 0.120000 0.024330
0.640000 0.140000 0.027740
0.640000 0.160000 0.030966
0.640000 0.180000 0.034007
0.640000 0.200000 0.036864
0.640000 0.220000 0.039537
0.640000 0.240000 0.042025
0.640000 0.260000 0.044329
0.640000 0.280000 0.046449
0.640000 0.300000 0.048384
0.640000 0.320000 0.050135
0.640000 0.340000 0.051702
0.640000 0.360000 0.053084
0.640000 0.380000 0.054282
0.640000 0.400000 0.055296
0.640000 0.420000 0.056125
0.640000 0.440000 0.056771
0.640000 0.460000 0.057231
0.640000 0.480000 0.057508
0.640000 0.500000 0.057600
0.640000 0.520000 0.057508
0.640000 0.540000 0.057231
0.640000 0.560000 0.056771
0.640000 0.580000 0.056125
0.640000 0.600000 0.055296
0.640000 0.620000 0.054282
0.640000 0.640000 0.053084
0.640000 0.660000 0.051702
0.640000 0.680000 0.050135
0.640000 0.700000 0.048384
0.640000 0.720000 0.046449
0.640000 0.740000 0.044329
0.640000 0.760000 0.042025
0.640000 0.780000 0.039537
0.640000 0.800000 0.036864
0.640000 0.820000 0.034007
0.640000 0.840000 0.030966
0.640000 0.860000 0.027740
0.640000 0.880000 0.024330
0.640000 0.900000 0.020736
0.640000 0.920000 0.016957
0.640000 0.940000 0.012995
0.640000 0.960000 0.008847
0.640000 0.980000 0.004516
0.640000 1.000000 -0.000000
0.660000 0.000000 -0.000000
0.660000 0.020000 0.004398
0.660000 0.040000 0.008617
0.660000 0.060000 0.012656
0.660000 0.080000 0.016516
0.660000 0.100000 0.020196
0.660000 0.120000 0.023697
0.660000 0.140000 0.027018
0.660000 0.160000 0.030159
0.660000 0.180000 0.033121
0.660000 0.200000 0.035904
0.660000 0.220000 0.038507
0.660000 0.240000 0.040931
0.660000 0.260000 0.043175
0.660000 0.280000 0.045239
0.660000 0.300000 0.047124
0.660000 0.320000 0.048829
0.660000 0.340000 0.050355
0.660000 0.360000 0.051702
0.660000 0.380000 0.052869
0.660000 0.400000 0.053856
0.660000 0.420000 0.054664
0.660000 0.440000 0.055292
0.660000 0.460000 0.055741
0.660000 0.480000 0.056010
0.660000 0.500000 0.056100
0.660000 0.520000 0.056010
0.660000 0.540000 0.055741
0.660000 0.560000 0.055292
0.660000 0.580000 0.054664
0.660000 0.600000 0.053856
0.660000 0.620000 0.052869
0.660000 0.640000 0.051702
0.660000 0.660000 0.050355
0.660000 0.680000 0.048829
0.660000 0.700000 0.047124
0.660000 0.720000 0.045239
0.660000 0.740000 0.043175
0.660000 0.760000 0.040931
0.660000 0.780000 0.038507
0.660000 0.800000 0.035904
0.660000 0.820000 0.033121
0.660000 0.840000 0.030159
0.660000 0.860000 0.027018
0.660000 0.880000 0.023697
0.660000 0.900000 0.020196
0.660000 0.920000 0.016516
0.660000 0.940000 0.012656
0.660000 0.960000 0.008617
0.660000 0.980000 0.004398
0.660000 1.000000 -0.000000
0.680000 0.000000 -0.000000
0.680000 0.020000 0.004265
0.680000 0.040000 0.008356
0.680000 0.060000 0.012273
0.680000 0.080000 0.016015
0.680000 0.100000 0.019584
0.680000 0.120000 0.022979
0.680000 0.140000 0.026199
0.680000 0.160000 0.029245
0.680000 0.180000 0.032118
0.680000 0.200000 0.034816
0.680000 0.220000 0.037340
0.680000 0.240000 0.039690
0.680000 0.260000 0.041866
0.680000 0.280000 0.043868
0.680000 0.300000 0.045696
0.680000 0.320000 0.047350
0.680000 0.340000 0.048829
0.680000 0.360000 0.050135
0.680000 0.380000 0.051267
0.680000 0.400000 0.052224
0.680000 0.420000 0.053007
0.680000 0.440000 0.053617
0.680000 0.460000 0.054052
0.680000 0.480000 0.054313
0.680000 0.500000 0.054400
0.680000 0.520000 0.054313
0.680000 0.540000 0.054052
0.680000 0.560000 0.053617
0.680000 0.580000 0.053007
0.680000 0.600000 0.052224
0.680000 0.620000 0.051267
0.680000 0.640000 0.050135
0.680000 0.660000 0.048829
0.680000 0.680000 0.047350
0.680000 0.700000 0.045696
0.680000 0.720000 0.043868
0.680000 0.740000 0.041866
0.680000 0.760000 0.039690
0.680000 0.780000 0.037340
0.680000 0.800000 0.034816
0.680000 0.820000 0.032118
0.680000 0.840000 0.029245
0.680000 0.860000 0.026199
0.680000 0.880000 0.022979
0.680000 0.900000 0.019584
0.680000 0.920000 0.016015
0.680000 0.940000 0.012273
0.680000 0.960000 0.008356
0.680000 0.980000 0.004265
0.680000 1.000000 -0.000000
0.700000 0.000000 -0.000000
0.700000 0.020000 0.004116
0.700000 0.040000 0.008064
0.700000 0.060000 0.011844
0.700000 0.080000 0.015456
0.700000 0.100000 0.018900
0.700000 0.120000 0.022176
0.700000 0.140000 0.025284
0.700000 0.160000 0.028224
0.700000 0.180000 0.030996
0.700000 0.200000 0.033600
0.700000 0.220000 0.036036
0.700000 0.240000 0.038304
0.700000 0.260000 0.040404
0.700000 0.280000 0.042336
0.700000 0.300000 0.044100
0.700000 0.320000 0.045696
0.700000 0.340000 0.047124
0.700000 0.360000 0.048384
0.700000 0.380000 0.049476
0.700000 0.400000 0.050400
0.700000 0.420000 0.051156
0.700000 0.440000 0.051744
0.700000 0.460000 0.052164
0.700000 0.480000 0.052416
0.700000 0.500000 0.052500
0.700000 0.520000 0.052416
0.700000 0.540000 0.052164
0.700000 0.560000 0.051744
0.700000 0.580000 0.051156
0.700000 0.600000 0.050400
0.700000 0.620000 0.049476
0.700000 0.640000 0.048384
0.700000 0.660000 0.047124
0.700000 0.680000 0.045696
0.700000 0.700000 0.044100
0.700000 0.720000 0.042336
0.700000 0.740000 0.040404
0.700000 0.760000 0.038304
0.700000 0.780000 0.036036
0.700000 0.800000 0.033600
0.700000 0.820000 0.030996
0.700000 0.840000 0.028224
0.700000 0.860000 0.025284
0.700000 0.880000 0.022176
0.700000 0.900000 0.018900
0.700000 0.920000 0.015456
0.700000 0.940000 0.011844
0.700000 0.960000 0.008064
0.700000 0.980000 0.004116
0.700000 1.000000 -0.000000
0.720000 0.000000 -0.000000
0.720000 0.020000 0.003951
0.720000 0.040000 0.007741
0.720000 0.060000 0.011370
0.720000 0.080000 0.014838
0.720000 0.100000 0.018144
0.720000 0.120000 0.021289
0.720000 0.140000 0.024273
0.720000 0.160000 0.027095
0.720000 0.180000 0.029756
0.720000 0.200000 0.032256
0.720000 0.220000 0.034595
0.720000 0.240000 0.036772
0.720000 0.260000 0.038788
0.720000 0.280000 0.040643
0.720000 0.300000 0.042336
0.720000 0.320000 0.043868
0.720000 0.340000 0.045239
0.720000 0.360000 0.046449
0.720000 0.380000 0.047497
0.720000 0.400000 0.048384
0.720000 0.420000 0.049110
0.720000 0.440000 0.049674
0.720000 0.460000 0.050077
0.720000 0.480000 0.050319
0.720000 0.500000 0.050400
0.720000 0.520000 0.050319
0.720000 0.540000 0.050077
0.720000 0.560000 0.049674
0.720000 0.580000 0.049110
0.720000 0.600000 0.048384
0.720000 0.620000 0.047497
0.720000 0.640000 0.046449
0.720000 0.660000 0.045239
0.720000 0.680000 0.043868
0.720000 0.700000 0.042336
0.720000 0.720000 0.040643
0.720000 0.740000 0.038788
0.720000 0.760000 0.036772
0.720000 0.780000 0.034595
0.720000 0.800000 0.032256
0.720000 0.820000 0.029756
0.720000 0.840000 0.027095
0.720000 0.860000 0.024273
0.720000 0.880000 0.021289
0.720000 0.900000 0.018144
0.720000 0.920000 0.014838
0.720000 0.940000 0.011370
0.720000 0.960000 0.007741
0.720000 0.980000 0.003951
0.720000 1.000000 -0.000000
0.740000 0.000000 0.000000
0.740000 0.020000 0.003771
0.740000 0.040000 0.007388
0.740000 0.060000 0.010851
0.740000 0.080000 0.014161
0.740000 0.100000 0.017316
0.740000 0.120000 0.020317
0.740000 0.140000 0.023165
0.740000 0.160000 0.025859
0.740000 0.180000 0.028398
0.740000 0.200000 0.030784
0.740000 0.220000 0.033016
0.740000 0.240000 0.035094
0.740000 0.260000 0.037018
0.740000 0.280000 0.038788
0.740000 0.300000 0.040404
0.740000 0.320000 0.041866
0.740000 0.340000 0.043175
0.740000 0.360000 0.044329
0.740000 0.380000 0.045329
0.740000 0.400000 0.046176
0.740000 0.420000 0.046869
0.740000 0.440000 0.047407
0.740000 0.460000 0.047792
0.740000 0.480000 0.048023
0.740000 0.500000 0.048100
0.740000 0.520000 0.048023
0.740000 0.540000 0.047792
0.740000 0.560000 0.047407
0.740000 0.580000 0.046869
0.740000 0.600000 0.046176
0.740000 0.620000 0.045329
0.740000 0.640000 0.044329
0.740000 0.660000 0.043175
0.740000 0.680000 0.041866
0.740000 0.700000 0.040404
0.740000 0.720000 0.038788
0.740000 0.740000 0.037018
0.740000 0.760000 0.035094
0.740000 0.780000 0.033016
0.740000 0.800000 0.030784
0.740000 0.820000 0.028398
0.740000 0.840000 0.025859
0.740000 0.860000 0.023165
0.740000 0.880000 0.020317
0.740000 0.900000 0.017316
0.740000 0.920000 0.014161
0.740000 0.940000 0.010851
0.740000 0.960000 0.007388
0.740000 0.980000 0.003771
0.740000 1.000000 0.000000
0.760000 0.000000 -0.000000
0.760000 0.020000 0.003575
0.760000 0.040000 0.007004
0.760000 0.060000 0.010287
0.760000 0.080000 0.013425
0.760000 0.100000 0.016416
0.760000 0.120000 0.019261
0.760000 0.140000 0.021961
0.760000 0.160000 0.024515
0.760000 0.180000 0.026922
0.760000 0.200000 0.029184
0.760000 0.220000 0.031300
0.760000 0.240000 0.033270
0.760000 0.260000 0.035094
0.760000 0.280000 0.036772
0.760000 0.300000 0.038304
0.760000 0.320000 0.039690
0.760000 0.340000 0.040931
0.760000 0.360000 0.042025
0.760000 0.380000 0.042973
0.760000 0.400000 0.043776
0.760000 0.420000 0.044433
0.760000 0.440000 0.044943
0.760000 0.460000 0.045308
0.760000 0.480000 0.045527
0.760000 0.500000 0.045600
0.760000 0.520000 0.045527
0.760000 0.540000 0.045308
0.760000 0.560000 0.044943
0.760000 0.580000 0.044433
0.760000 0.600000 0.043776
0.760000 0.620000 0.042973
0.760000 0.640000 0.042025
0.760000 0.660000 0.040931
0.760000 0.680000 0.039690
0.760000 0.700000 0.038304
0.760000 0.720000 0.036772
0.760000 0.740000 0.035094
0.760000 0.760000 0.033270
0.760000 0.780000 0.031300
0.760000 0.800000 0.029184
0.760000 0.820000 0.026922
0.760000 0.840000 0.024515
0.760000 0.860000 0.021961
0.760000 0.880000 0.019261
0.760000 0.900000 0.016416
0.760000 0.920000 0.013425
0.760000 0.940000 0.010287
0.760000 0.960000 0.007004
0.760000 0.980000 0.003575
0.760000 1.000000 -0.000000
0.780000 0.000000 0.000000
0.780000 0.020000 0.003363
0.780000 0.040000 0.006589
0.780000 0.060000 0.009678
0.780000 0.080000 0.012630
0.780000 0.100000 0.015444
0.780000 0.120000 0.018121
0.780000 0.140000 0.020661
0.780000 0.160000 0.023063
0.780000 0.180000 0.025328
0.780000 0.200000 0.027456
0.780000 0.220000 0.029447
0.780000 0.240000 0.031300
0.780000 0.260000 0.033016
0.780000 0.280000 0.034595
0.780000 0.300000 0.036036
0.780000 0.320000 0.037340
0.780000 0.340000 0.038507
0.780000 0.360000 0.039537
0.780000 0.380000 0.040429
0.780000 0.400000 0.041184
0.780000 0.420000 0.041802
0.780000 0.440000 0.042282
0.780000 0.460000 0.042625
0.780000 0.480000 0.042831
0.780000 0.500000 0.042900
0.780000 0.520000 0.042831
0.780000 0.540000 0.042625
0.780000 0.560000 0.042282
0.780000 0.580000 0.041802
0.780000 0.600000 0.041184
0.780000 0.620000 0.040429
0.780000 0.640000 0.039537
0.780000 0.660000 0.038507
0.780000 0.680000 0.037340
0.780000 0.700000 0.036036
0.780000 0.720000 0.034595
0.780000 0.740000 0.033016
0.780000 0.760000 0.031300
0.780000 0.780000 0.029447
0.780000 0.800000 0.027456
0.780000 0.820000 0.025328
0.780000 0.840000 0.023063
0.780000 0.860000 0.020661
0.780000 0.880000 0.018121
0.780000 0.900000 0.015444
0.780000 0.920000 0.012630
0.780000 0.940000 0.009678
0.780000 0.960000 0.006589
0.780000 0.980000 0.003363
0.780000 1.000000 0.000000
0.800000 0.000000 0.000000
0.800000 0.020000 0.003136
0.800000 0.040000 0.006144
0.800000 0.060000 0.009024
0.800000 0.080000 0.011776
0.800000 0.100000 0.014400
0.800000 0.120000 0.016896
0.800000 0.140000 0.019264
0.800000 0.160000 0.021504
0.800000 0.180000 0.023616
0.800000 0.200000 0.025600
0.800000 0.220000 0.027456
0.800000 0.240000 0.029184
0.800000 0.260000 0.030784
0.800000 0.280000 0.032256
0.800000 0.300000 0.033600
0.800000 0.320000 0.034816
0.800000 0.340000 0.035904
0.800000 0.360000 0.036864
0.800000 0.380000 0.037696
0.800000 0.400000 0.038400
0.800000 0.420000 0.038976
0.800000 0.440000 0.039424
0.800000 0.460000 0.039744
0.800000 0.480000 0.039936
0.800000 0.500000 0.040000
0.800000 0.520000 0.039936
0.800000 0.540000 0.039744
0.800000 0.560000 0.039424
0.800000 0.580000 0.038976
0.800000 0.600000 0.038400
0.800000 0.620000 0.037696
0.800000 0.640000 0.036864
0.800000 0.660000 0.035904
0.800000 0.680000 0.034816
0.800000 0.700000 0.033600
0.800000 0.720000 0.032256
0.800000 0.740000 0.030784
0.800000 0.760000 0.029184
0.800000 0.780000 0.027456
0.800000 0.800000 0.025600
0.800000 0.820000 0.023616
0.800000 0.840000 0.021504
0.800000 0.860000 0.019264
0.800000 0.880000 0.016896
0.800000 0.900000 0.014400
0.800000 0.920000 0.011776
0.800000 0.940000 0.009024
0.800000 0.960000 0.006144
0.800000 0.980000 0.003136
0.800000 1.000000 -0.000000
0.820000 0.000000 0.000000
0.820000 0.020000 0.002893
0.820000 0.040000 0.005668
0.820000 0.060000 0.008325
0.820000 0.080000 0.010863
0.820000 0.100000 0.013284
0.820000 0.120000 0.015587
0.820000 0.140000 0.017771
0.820000 0.160000 0.019837
0.820000 0.180000 0.021786
0.820000 0.200000 0.023616
0.820000 0.220000 0.025328
0.820000 0.240000 0.026922
0.820000 0.260000 0.028398
0.820000 0.280000 0.029756
0.820000 0.300000 0.030996
0.820000 0.320000 0.032118
0.820000 0.340000 0.033121
0.820000 0.360000 0.034007
0.820000 0.380000 0.034775
0.820000 0.400000 0.035424
0.820000 0.420000 0.035955
0.820000 0.440000 0.036369
0.820000 0.460000 0.036664
0.820000 0.480000 0.036841
0.820000 0.500000 0.036900
0.820000 0.520000 0.036841
0.820000 0.540000 0.036664
0.820000 0.560000 0.036369
0.820000 0.580000 0.035955
0.820000 0.600000 0.035424
0.820000 0.620000 0.034775
0.820000 0.640000 0.034007
0.820000 0.660000 0.033121
0.820000 0.680000 0.032118
0.820000 0.700000 0.030996
0.820000 0.720000 0.029756
0.820000 0.740000 0.028398
0.820000 0.760000 0.026922
0.820000 0.780000 0.025328
0.820000 0.800000 0.023616
0.820000 0.820000 0.021786
0.820000 0.840000 0.019837
0.820000 0.860000 0.017771
0.820000 0.880000 0.015587
0.820000 0.900000 0.013284
0.820000 0.920000 0.010863
0.820000 0.940000 0.008325
0.820000 0.960000 0.005668
0.820000 0.980000 0.002893
0.820000 1.000000 -0.000000
0.840000 0.000000 0.000000
0.840000 0.020000 0.002634
0.840000 0.040000 0.005161
0.840000 0.060000 0.007580
0.840000 0.080000 0.009892
0.840000 0.100000 0.012096
0.840000 0.120000 0.014193
0.840000 0.140000 0.016182
0.840000 0.160000 0.018063
0.840000 0.180000 0.019837
0.840000 0.200000 0.021504
0.840000 0.220000 0.023063
0.840000 0.240000 0.024515
0.840000 0.260000 0.025859
0.840000 0.280000 0.027095
0.840000 0.300000 0.028224
0.840000 0.320000 0.029245
0.840000 0.340000 0.030159
0.840000 0.360000 0.030966
0.840000 0.380000 0.031665
0.840000 0.400000 0.032256
0.840000 0.420000 0.032740
0.840000 0.440000 0.033116
0.840000 0.460000 0.033385
0.840000 0.480000 0.033546
0.840000 0.500000 0.033600
0.840000 0.520000 0.033546
0.840000 0.540000 0.033385
0.840000 0.560000 0.033116
0.840000 0.580000 0.032740
0.840000 0.600000 0.032256
0.840000 0.620000 0.031665
0.840000 0.640000 0.030966
0.840000 0.660000 0.030159
0.840000 0.680000 0.029245
0.840000 0.700000 0.028224
0.840000 0.720000 0.027095
0.840000 0.740000 0.025859
0.840000 0.760000 0.024515
0.840000 0.780000 0.023063
0.840000 0.800000 0.021504
0.840000 0.820000 0.019837
0.840000 0.840000 0.018063
0.840000 0.860000 0.016182
0.840000 0.880000 0.014193
0.840000 0.900000 0.012096
0.840000 0.920000 0.009892
0.840000 0.940000 0.007580
0.840000 0.960000 0.005161
0.840000 0.980000 0.002634
0.840000 1.000000 0.000000
0.860000 0.000000 -0.000000
0.860000 0.020000 0.002360
0.860000 0.040000 0.004623
0.860000 0.060000 0.006791
0.860000 0.080000 0.008861
0.860000 0.100000 0.010836
0.860000 0.120000 0.012714
0.860000 0.140000 0.014496
0.860000 0.160000 0.016182
0.860000 0.180000 0.017771
0.860000 0.200000 0.019264
0.860000 0.220000 0.020661
0.860000 0.240000 0.021961
0.860000 0.260000 0.023165
0.860000 0.280000 0.024273
0.860000 0.300000 0.025284
0.860000 0.320000 0.026199
0.860000 0.340000 0.027018
0.860000 0.360000 0.027740
0.860000 0.380000 0.028366
0.860000 0.400000 0.028896
0.860000 0.420000 0.029329
0.860000 0.440000 0.029667
0.860000 0.460000 0.029907
0.860000 0.480000 0.030052
0.860000 0.500000 0.030100
0.860000 0.520000 0.030052
0.860000 0.540000 0.029907
0.860000 0.560000 0.029667
0.860000 0.580000 0.029329
0.860000 0.600000 0.028896
0.860000 0.620000 0.028366
0.860000 0.640000 0.027740
0.860000 0.660000 0.027018
0.860000 0.680000 0.026199
0.860000 0.700000 0.025284
0.860000 0.720000 0.024273
0.860000 0.740000 0.023165
0.860000 0.760000 0.021961
0.860000 0.780000 0.020661
0.860000 0.800000 0.019264
0.860000 0.820000 0.017771
0.860000 0.840000 0.016182
0.860000 0.860000 0.014496
0.860000 0.880000 0.012714
0.860000 0.900000 0.010836
0.860000 0.920000 0.008861
0.860000 0.940000 0.006791
0.860000 0.960000 0.004623
0.860000 0.980000 0.002360
0.860000 1.000000 -0.000000
0.880000 0.000000 -0.000000
0.880000 0.020000 0.002070
0.880000 0.040000 0.004055
0.880000 0.060000 0.005956
0.880000 0.080000 0.007772
0.880000 0.100000 0.009504
0.880000 0.120000 0.011151
0.880000 0.140000 0.012714
0.880000 0.160000 0.014193
0.880000 0.180000 0.015587
0.880000 0.200000 0.016896
0.880000 0.220000 0.018121
0.880000 0.240000 0.019261
0.880000 0.260000 0.020317
0.880000 0.280000 0.021289
0.880000 0.300000 0.022176
0.880000 0.320000 0.022979
0.880000 0.340000 0.023697
0.880000 0.360000 0.024330
0.880000 0.380000 0.024879
0.880000 0.400000 0.025344
0.880000 0.420000 0.025724
0.880000 0.440000 0.026020
0.880000 0.460000 0.026231
0.880000 0.480000 0.026358
0.880000 0.500000 0.026400
0.880000 0.520000 0.026358
0.880000 0.540000 0.026231
0.880000 0.560000 0.026020
0.880000 0.580000 0.025724
0.880000 0.600000 0.025344
0.880000 0.620000 0.024879
0.880000 0.640000 0.024330
0.880000 0.660000 0.023697
0.880000 0.680000 0.022979
0.880000 0.700000 0.022176
0.880000 0.720000 0.021289
0.880000 0.740000 0.020317
0.880000 0.760000 0.019261
0.880000 0.780000 0.018121
0.880000 0.800000 0.016896
0.880000 0.820000 0.015587
0.880000 0.840000 0.014193
0.880000 0.860000 0.012714
0.880000 0.880000 0.011151
0.880000 0.900000 0.009504
0.880000 0.920000 0.007772
0.880000 0.940000 0.005956
0.880000 0.960000 0.004055
0.880000 0.980000 0.002070
0.880000 1.000000 0.000000
0.900000 0.000000 -0.000000
0.900000 0.020000 0.001764
0.900000 0.040000 0.003456
0.900000 0.060000 0.005076
0.900000 0.080000 0.006624
0.900000 0.100000 0.008100
0.900000 0.120000 0.009504
0.900000 0.140000 0.010836
0.900000 0.160000 0.012096
0.900000 0.180000 0.013284
0.900000 0.200000 0.014400
0.900000 0.220000 0.015444
0.900000 0.240000 0.016416
0.900000 0.260000 0.017316
0.900000 0.280000 0.018144
0.900000 0.300000 0.018900
0.900000 0.320000 0.019584
0.900000 0.340000 0.020196
0.900000 0.360000 0.020736
0.900000 0.380000 0.021204
0.900000 0.400000 0.021600
0.900000 0.420000 0.021924
0.900000 0.440000 0.022176
0.900000 0.460000 0.022356
0.900000 0.480000 0.022464
0.900000 0.500000 0.022500
0.900000 0.520000 0.022464
0.900000 0.540000 0.022356
0.900000 0.560000 0.022176
0.900000 0.580000 0.021924
0.900000 0.600000 0.021600
0.900000 0.620000 0.021204
0.900000 0.640000 0.020736
0.900000 0.660000 0.020196
0.900000 0.680000 0.019584
0.900000 0.700000 0.018900
0.900000 0.720000 0.018144
0.900000 0.740000 0.017316
0.900000 0.760000 0.016416
0.900000 0.780000 0.015444
0.900000 0.800000 0.014400
0.900000 0.820000 0.013284
0.900000 0.840000 0.012096
0.900000 0.860000 0.010836
0.900000 0.880000 0.009504
0.900000 0.900000 0.008100
0.900000 0.920000 0.006624
0.900000 0.940000 0.005076
0.900000 0.960000 0.003456
0.900000 0.980000 0.001764
0.900000 1.000000 -0.000000
0.920000 0.000000 -0.000000
0.920000 0.020000 0.001443
0.920000 0.040000 0.002826
0.920000 0.060000 0.004151
0.920000 0.080000 0.005417
0.920000 0.100000 0.006624
0.920000 0.120000 0.007772
0.920000 0.140000 0.008861
0.920000 0.160000 0.009892
0.920000 0.180000 0.010863
0.920000 0.200000 0.011776
0.920000 0.220000 0.012630
0.920000 0.240000 0.013425
0.920000 0.260000 0.014161
0.920000 0.280000 0.014838
0.920000 0.300000 0.015456
0.920000 0.320000 0.016015
0.920000 0.340000 0.016516
0.920000 0.360000 0.016957
0.920000 0.380000 0.017340
0.920000 0.400000 0.017664
0.920000 0.420000 0.017929
0.920000 0.440000 0.018135
0.920000 0.460000 0.018282
0.920000 0.480000 0.018371
0.920000 0.500000 0.018400
0.920000 0.520000 0.018371
0.920000 0.540000 0.018282
0.920000 0.560000 0.018135
0.920000 0.580000 0.017929
0.920000 0.600000 0.017664
0.920000 0.620000 0.017340
0.920000 0.640000 0.016957
0.920000 0.660000 0.016516
0.920000 0.680000 0.016015
0.920000 0.700000 0.015456
0.920000 0.720000 0.014838
0.920000 0.740000 0.014161
0.920000 0.760000 0.013425
0.920000 0.780000 0.012630
0.920000 0.800000 0.011776
0.920000 0.820000 0.010863
0.920000 0.840000 0.009892
0.920000 0.860000 0.008861
0.920000 0.880000 0.007772
0.920000 0.900000 0.006624
0.920000 0.920000 0.005417
0.920000 0.940000 0.004151
0.920000 0.960000 0.002826
0.920000 0.980000 0.001443
0.920000 1.000000 -0.000000
0.940000 0.000000 0.000000
0.940000 0.020000 0.001105
0.940000 0.040000 0.002166
0.940000 0.060000 0.003181
0.940000 0.080000 0.004151
0.940000 0.100000 0.005076
0.940000 0.120000 0.005956
0.940000 0.140000 0.006791
0.940000 0.160000 0.007580
0.940000 0.180000 0.008325
0.940000 0.200000 0.009024
0.940000 0.220000 0.009678
0.940000 0.240000 0.010287
0.940000 0.260000 0.010851
0.940000 0.280000 0.011370
0.940000 0.300000 0.011844
0.940000 0.320000 0.012273
0.940000 0.340000 0.012656
0.940000 0.360000 0.012995
0.940000 0.380000 0.013288
0.940000 0.400000 0.013536
0.940000 0.420000 0.013739
0.940000 0.440000 0.013897
0.940000 0.460000 0.014010
0.940000 0.480000 0.014077
0.940000 0.500000 0.014100
0.940000 0.520000 0.014077
0.940000 0.540000 0.014010
0.940000 0.560000 0.013897
0.940000 0.580000 0.013739
0.940000 0.600000 0.013536
0.940000 0.620000 0.013288
0.940000 0.640000 0.012995
0.940000 0.660000 0.012656
0.940000 0.680000 0.012273
0.940000 0.700000 0.011844
0.940000 0.720000 0.011370
0.940000 0.740000 0.010851
0.940000 0.760000 0.010287
0.940000 0.780000 0.009678
0.940000 0.800000 0.009024
0.940000 0.820000 0.008325
0.940000 0.840000 0.007580
0.940000 0.860000 0.006791
0.940000 0.880000 0.005956
0.940000 0.900000 0.005076
0.940000 0.920000 0.004151
0.940000 0.940000 0.003181
0.940000 0.960000 0.002166
0.940000 0.980000 0.001105
0.940000 1.000000 0.000000
0.960000 0.000000 0.000000
0.960000 0.020000 0.000753
0.960000 0.040000 0.001475
0.960000 0.060000 0.002166
0.960000 0.080000 0.002826
0.960000 0.100000 0.003456
0.960000 0.120000 0.004055
0.960000 0.140000 0.004623
0.960000 0.160000 0.005161
0.960000 0.180000 0.005668
0.960000 0.200000 0.006144
0.960000 0.220000 0.006589
0.960000 0.240000 0.007004
0.960000 0.260000 0.007388
0.960000 0.280000 0.007741
0.960000 0.300000 0.008064
0.960000 0.320000 0.008356
0.960000 0.340000 0.008617
0.960000 0.360000 0.008847
0.960000 0.380000 0.009047
0.960000 0.400000 0.009216
0.960000 0.420000 0.009354
0.960000 0.440000 0.009462
0.960000 0.460000 0.009539
0.960000 0.480000 0.009585
0.960000 0.500000 0.009600
0.960000 0.520000 0.009585
0.960000 0.540000 0.009539
0.960000 0.560000 0.009462
0.960000 0.580000 0.009354
0.960000 0.600000 0.009216
0.960000 0.620000 0.009047
0.960000 0.640000 0.008847
0.960000 0.660000 0.008617
0.960000 0.680000 0.008356
0.960000 0.700000 0.008064
0.960000 0.720000 0.007741
0.960000 0.740000 0.007388
0.960000 0.760000 0.007004
0.960000 0.780000 0.006589
0.960000 0.800000 0.006144
0.960000 0.820000 0.005668
0.960000 0.840000 0.005161
0.960000 0.860000 0.004623
0.960000 0.880000 0.004055
0.960000 0.900000 0.003456
0.960000 0.920000 0.002826
0.960000 0.940000 0.002166
0.960000 0.960000 0.001475
0.960000 0.980000 0.000753
0.960000 1.000000 -0.000000
0.980000 0.000000 0.000000
0.980000 0.020000 0.000384
0.980000 0.040000 0.000753
0.980000 0.060000 0.001105
0.980000 0.080000 0.001443
0.980000 0.100000 0.001764
0.980000 0.120000 0.002070
0.980000 0.140000 0.002360
0.980000 0.160000 0.002634
0.980000 0.180000 0.002893
0.980000 0.200000 0.003136
0.980000 0.220000 0.003363
0.980000 0.240000 0.003575
0.980000 0.260000 0.003771
0.980000 0.280000 0.003951
0.980000 0.300000 0.004116
0.980000 0.320000 0.004265
0.980000 0.340000 0.004398
0.980000 0.360000 0.004516
0.980000 0.380000 0.004618
0.980000 0.400000 0.004704
0.980000 0.420000 0.004775
0.980000 0.440000 0.004829
0.980000 0.460000 0.004869
0.980000 0.480000 0.004892
0.980000 0.500000 0.004900
0.980000 0.520000 0.004892
0.980000 0.540000 0.004869
0.980000 0.560000 0.004829
0.980000 0.580000 0.004775
0.980000 0.600000 0.004704
0.980000 0.620000 0.004618
0.980000 0.640000 0.004516
0.980000 0.660000 0.004398
0.980000 0.680000 0.004265
0.980000 0.700000 0.004116
0.980000 0.720000 0.003951
0.980000 0.740000 0.003771
0.980000 0.760000 0.003575
0.980000 0.780000 0.003363
0.980000 0.800000 0.003136
0.980000 0.820000 0.002893
0.980000 0.840000 0.002634
0.980000 0.860000 0.002360
0.980000 0.880000 0.002070
0.980000 0.900000 0.001764
0.980000 0.920000 0.001443
0.980000 0.940000 0.001105
0.980000 0.960000 0.000753
0.980000 0.980000 0.000384
0.980000 1.000000 0.000000
1.000000 0.000000 0.000000
1.000000 0.020000 0.000000
1.000000 0.040000 0.000000
1.000000 0.060000 0.000000
1.000000 0.080000 0.000000
1.000000 0.100000 0.000000
1.000000 0.120000 0.000000
1.000000 0.140000 0.000000
1.000000 0.160000 0.000000
1.000000 0.180000 0.000000
1.000000 0.200000 0.000000
1.000000 0.220000 0.000000
1.000000 0.240000 0.000000
1.000000 0.260000 0.000000
1.000000 0.280000 0.000000
1.000000 0.300000 0.000000
1.000000 0.320000 0.000000
1.000000 0.340000 0.000000
1.000000 0.360000 0.000000
1.000000 0.380000 0.000000
1.000000 0.400000 0.000000
1.000000 0.420000 0.000000
1.000000 0.440000 0.000000
1.000000 0.460000 0.000000
1.000000 0.480000 0.000000
1.000000 0.500000 0.000000
1.000000 0.520000 0.000000
1.000000 0.540000 0.000000
1.000000 0.560000 0.000000
1.000000 0.580000 0.000000
1.000000 0.600000 0.000000
1.000000 0.620000 0.000000
1.000000 0.640000 0.000000
1.000000 0.660000 0.000000
1.000000 0.680000 0.000000
1.000000 0.700000 0.000000
1.000000 0.720000 0.000000
1.000000 0.740000 0.000000
1.000000 0.760000 0.000000
1.000000 0.780000 0.000000
1.000000 0.800000 0.000000
1.000000 0.820000 0.000000
1.000000 0.840000 0.000000
1.000000 0.860000 0.000000
1.000000 0.880000 0.000000
1.000000 0.900000 0.000000
1.000000 0.920000 0.000000
1.000000 0.940000 0.000000
1.000000 0.960000 0.000000
1.000000 0.980000 0.000000
1.000000 1.000000 0.000000
