0.000000 0.000000 0.000000
0.000000 0.100000 0.000000
0.000000 0.200000 -0.000000
0.000000 0.300000 0.000000
0.000000 0.400000 0.000000
0.000000 0.500000 -0.000000
0.000000 0.600000 0.000000
0.000000 0.700000 -0.000000
0.000000 0.800000 0.000000
0.000000 0.900000 -0.000000
0.000000 1.000000 0.000000
0.100000 0.000000 0.000000
0.100000 0.100000 0.008100
0.100000 0.200000 0.014400
0.100000 0.300000 0.018900
0.100000 0.400000 0.021600
0.100000 0.500000 0.022500
0.100000 0.600000 0.021600
0.100000 0.700000 0.018900
0.100000 0.800000 0.014400
0.100000 0.900000 0.008100
0.100000 1.000000 0.000000
0.200000 0.000000 -0.000000
0.200000 0.100000 0.014400
0.200000 0.200000 0.025600
0.200000 0.300000 0.033600
0.200000 0.400000 0.038400
0.200000 0.500000 0.040000
0.200000 0.600000 0.038400
0.200000 0.700000 0.033600
0.200000 0.800000 0.025600
0.200000 0.900000 0.014400
0.200000 1.000000 -0.000000
0.300000 0.000000 -0.000000
0.300000 0.100000 0.018900
0.300000 0.200000 0.033600
0.300000 0.300000 0.044100
0.300000 0.400000 0.050400
0.300000 0.500000 0.052500
0.300000 0.600000 0.050400
0.300000 0.700000 0.044100
0.300000 0.800000 0.033600
0.300000 0.900000 0.018900
0.300000 1.000000 0.000000
0.400000 0.000000 -0.000000
0.400000 0.100000 0.021600
0.400000 0.200000 0.038400
0.400000 0.300000 0.050400
0.400000 0.400000 0.057600
0.400000 0.500000 0.060000
0.400000 0.600000 0.057600
0.400000 0.700000 0.050400
0.400000 0.800000 0.038400
0.400000 0.900000 0.021600
0.400000 1.000000 0.000000
0.500000 0.000000 -0.000000
0.500000 0.100000 0.022500
0.500000 0.200000 0.040000
0.500000 0.300000 0.052500
0.500000 0.400000 0.060000
0.500000 0.500000 0.062500
0.500000 0.600000 0.060000
0.500000 0.700000 0.052500
0.500000 0.800000 0.040000
0.500000 0.900000 0.022500
0.500000 1.000000 -0.000000
0.600000 0.000000 0.000000
0.600000 0.100000 0.021600
0.600000 0.200000 0.038400
0.600000 0.300000 0.050400
0.600000 0.400000 0.057600
0.600000 0.500000 0.060000
0.600000 0.600000 0.057600
0.600000 0.700000 0.050400
0.600000 0.800000 0.038400
0.600000 0.900000 0.021600
0.600000 1.000000 0.000000
0.700000 0.000000 0.000000
0.700000 0.100000 0.018900
0.700000 0.200000 0.033600
0.700000 0.300000 0.044100
0.700000 0.400000 0.050400
0.700000 0.500000 0.052500
0.700000 0.600000 0.050400
0.700000 0.700000 0.044100
0.700000 0.800000 0.033600
0.700000 0.900000 0.018900
0.700000 1.000000 -0.000000
0.800000 0.000000 0.000000
0.800000 0.100000 0.014400
0.800000 0.200000 0.025600
0.800000 0.300000 0.033600
0.800000 0.400000 0.038400
0.800000 0.500000 0.040000
0.800000 0.600000 0.038400
0.800000 0.700000 0.033600
0.800000 0.800000 0.025600
0.800000 0.900000 0.014400
0.800000 1.000000 0.000000
0.900000 0.000000 0.000000
0.900000 0.100000 0.008100
0.900000 0.200000 0.014400
0.900000 0.300000 0.018900
0.900000 0.400000 0.021600
0.900000 0.500000 0.022500
0.900000 0.600000 0.021600
0.900000 0.700000 0.018900
0.900000 0.800000 0.014400
0.900000 0.900000 0.008100
0.900000 1.000000 0.000000
1.000000 0.000000 0.000000
1.000000 0.100000 0.000000
1.000000 0.200000 0.000000
1.000000 0.300000 0.000000
1.000000 0.400000 0.000000
1.000000 0.500000 0.000000
1.000000 0.600000 0.000000
1.000000 0.700000 0.000000
1.000000 0.800000 0.000000
1.000000 0.900000 0.000000
1.000000 1.000000 0.000000
