15 15
2.491625 4.106386 2.754452 3.718253 4.180405 2.978671 3.693103 1.922916 2.278866 3.931286 4.785245 2.713296 4.124001 2.903182 3.299740 
1.657758 3.742138 4.629745 3.420292 3.771296 3.576857 4.239906 2.952509 2.799273 4.195860 4.783931 4.410053 4.431183 3.143324 2.976502 
2.966211 4.627131 4.245286 3.329049 4.435670 3.697980 4.980618 2.363481 3.073583 3.663199 4.737572 3.321429 4.297427 3.486056 2.934238 
1.683996 2.449224 2.537054 2.430320 2.380893 2.081753 2.194325 1.595506 1.572689 2.249475 3.371016 2.426197 2.572668 1.802273 2.291952 
2.754610 4.077913 3.693128 4.622408 4.936480 3.404321 4.874977 2.965663 3.088900 4.382468 5.079148 3.693945 4.419305 3.176605 3.746731 
2.749192 3.876312 3.503147 3.808777 4.236160 3.087671 4.187214 2.261138 2.741860 3.433159 4.766559 3.274492 3.850168 3.011354 3.122617 
1.756776 3.334038 3.640611 3.035839 3.120017 3.056079 3.733439 2.415420 2.391281 3.293258 4.074094 3.359544 3.643984 2.757138 2.506321 
2.007856 2.944482 3.520274 2.814938 4.297008 2.875159 3.817046 2.663239 2.373746 3.144633 3.627828 3.250770 3.131676 2.148329 2.723119 
2.071551 3.460693 4.140118 2.526156 3.211453 3.510145 3.935005 2.436034 2.511129 3.411139 3.506582 3.735561 3.703323 2.375890 2.404631 
2.303650 3.297559 4.532161 3.104384 4.643911 3.566541 4.110770 3.205091 2.520828 3.630979 3.945201 3.629247 3.848417 2.381529 3.101998 
2.483460 3.648248 3.684075 3.028258 3.861016 2.676341 4.069924 2.009287 2.751412 3.497325 4.350251 2.993782 3.973270 2.485828 3.002804 
2.950382 3.794879 3.682848 3.555028 4.393980 3.327001 3.963012 2.097512 2.380589 3.106813 4.601213 2.831499 4.096199 3.452982 3.020061 
2.712615 4.691134 4.934671 3.831250 4.254545 3.816905 4.886997 2.743597 3.192594 4.031125 5.739134 4.420209 4.827614 3.676002 3.136800 
2.402300 3.873314 3.414235 3.807477 3.611013 3.169004 3.529665 2.386978 2.284062 3.649035 4.760844 3.215961 4.161367 2.843343 3.082679 
2.405888 3.617383 3.866578 3.803377 4.354662 3.300956 4.140967 2.866221 2.522948 3.598980 4.745715 3.309853 4.077165 2.919223 3.136917 
