version: 1
creator: callgrind-3.11.0
pid: 5740
cmd:  ./ThreeBodyOG 1 0 5
part: 1


desc: I1 cache: 
desc: D1 cache: 
desc: LL cache: 

desc: Timerange: Basic block 0 - 22361988432
desc: Trigger: Program termination

positions: line
events: Ir
summary: 134239845777


ob=(4) /lib/x86_64-linux-gnu/libm-2.23.so
fl=(53) /build/glibc-9tT8Do/glibc-2.23/math/../sysdeps/x86_64/fpu/multiarch/e_exp.c
fn=(200) __exp_finite
9 8

fl=(122) /build/glibc-9tT8Do/glibc-2.23/math/../sysdeps/ieee754/dbl-64/e_pow.c
fn=(500) __ieee754_pow_sse2
65 541674926
+5 541674926
-5 1083349852
+6 541674926
-6 541674926
+7 541674926
-7 541674926
+7 541674926
+16 722232864
+3 962977152
-2 481488576
fi=(125) /build/glibc-9tT8Do/glibc-2.23/math/../sysdeps/i386/fpu/fenv_private.h
429 240744288
+1 240744288
+3 240744288
-3 481488576
+3 240744288
-3 240744288
+3 240744288
fe=(122)
100 3611164320
261 240744288
-1 240744288
+6 240744288
-16 240744288
+11 240744288
+3 240744288
-3 240744288
+3 240744288
+8 962977152
+2 104906372
+1 524531860
+8 839250976
+1 104906372
+1 104906372
+1 104906372
-1 104906372
+1 104906372
-11 543351664
+8 1086703328
+1 135837916
+1 135837916
+1 135837916
-1 135837916
+1 135837916
+40 240744288
+1 240744288
-2 240744288
+2 240744288
+4 240744288
-5 240744288
+1 240744288
+1 240744288
+5 240744288
-6 240744288
+1 240744288
+3 240744288
+2 481488576
-7 240744288
+3 481488576
+2 240744288
+2 240744288
-1 240744288
-1 240744288
+1 240744288
+1 4574141472
+2 240744288
-2 240744288
+2 240744288
+2 722232864
+1 240744288
-2 240744288
106 240744288
+8 722232864
-8 722232864
+8 240744288
-5 240744288
-2 240744288
+3 240744288
+4 240744288
-7 481488576
+3 240744288
-1 240744288
+1 240744288
-1 240744288
+1 240744288
+4 240744288
-4 722232864
+1 481488576
+3 722232864
cfi=(126) /build/glibc-9tT8Do/glibc-2.23/math/../sysdeps/ieee754/dbl-64/e_exp.c
cfn=(512) __exp1
calls=240744288 249 
* 20463225840
+1 2166698592
fi=(125)
445 481488576
fe=(122)
118 722232864
+2 722232864
+3 722232864
+91 2166699704
74 2166699704
+2 1625024778
+2 1625024778
195 541674926
78 541674926
+2 1625024778
+2 722232864
+2 962977152
280 135837916
-1 135837916
+1 271675832
81 902791914
366 19320
-1 19320
+7 19320
-3 19320
-3 19320
+4 19320
-4 19320
+4 19320
+8 77280
+2 8176
+1 40880
+8 65408
+1 8176
+1 16352
+2 16352
-12 44576
+8 89152
+1 11144
+1 22288
+2 22304
+19 19320
+3 19320
+1 19320
+1 19320
-2 19320
-3 19320
+4 19320
-2 19320
+3 19320
+8 19320
+1 19320
-14 19320
+5 96600
+1 19320
+3 19320
-2 19320
+1 19320
+2 19320
-1 38640
+4 57960
+1 57960
+2 38640
+1 57960
+3 38640
+2 19320
-5 19320
+3 19320
-9 19320
+6 19320
+1 19320
+2 19320
-8 19320
+6 19320
+4 19320
-1 19320
+1 19320
-1 19320
+1 77280
+2 19320
-2 212520
+2 19320
+2 57960
-1 19320
230 19320
+2 19320
+2 77280
-3 19320
+7 57960
-7 19320
+3 38640
+4 19320
-4 19320
-3 19320
+3 19320
-2 19320
+2 173880
+1 19320
-1 19320
+1 19320
+3 57960
cfi=(126)
cfn=(512)
calls=19320 +11 
* 1631828
+1 166356
cfi=(127) /build/glibc-9tT8Do/glibc-2.23/math/../sysdeps/ieee754/dbl-64/slowpow.c
cfn=(522) __slowpow
calls=5186 51 
* 572687873
* 15558
386 11144
-1 11144
+1 22288

fl=(63) /build/glibc-9tT8Do/glibc-2.23/math/../sysdeps/x86_64/fpu/multiarch/s_floor.S
fn=(220) floor
25 1
+1 1
+1 1
+1 1
+2 1

fl=(56) /build/glibc-9tT8Do/glibc-2.23/math/../sysdeps/x86_64/fpu/multiarch/s_ceilf.S
fn=(206) ceilf
25 1
+1 1
+1 1
+1 1
+2 1

fl=(128) /build/glibc-9tT8Do/glibc-2.23/math/../sysdeps/ieee754/dbl-64/halfulp.c
fn=(524) __halfulp
64 5186
+2 5186
-2 10372
+16 10372
+5 5186
-2 5186
+2 25930
+6 5186
+1 10372
+1 5186
+2 20744
+2 5186
-2 20744
+6 20744
+1 5186
-1 5186
+1 5186
-3 15558
+1 5186
+4 5186
-4 5186
+4 5186
+24 5186
+1 10372
-53 10372
+31 10372
+2 10372
+1 10372
+4 10372

fl=(123) /build/glibc-9tT8Do/glibc-2.23/math/w_sqrt.c
fn=(506) sqrt
27 451395957
fi=(124) /build/glibc-9tT8Do/glibc-2.23/math/../sysdeps/x86_64/fpu/math_private.h
+31 150465319
fe=(123)
-27 150465319

fl=(126)
fn=(512)
249 240763608
-1 240763608
+1 240763608
+1 481527216
+2 722290824
+2 240763608
+19 240763608
+7 240763608
-26 481527216
+5 240763608
-5 240763608
+26 240763608
-25 240763608
+2 240763608
+5 240763608
-7 240763608
+13 722290824
-13 240763608
+4 240763608
+1 240763608
+5 240763608
-5 240763608
+2 481527216
+2 240763608
+1 240763608
+5 240763608
+1 240763608
-1 240763608
+1 240763608
-1 240763608
+3 240763608
+1 240763608
-9 240763608
+5 240763608
+4 722290824
-1 240763608
+1 240763608
-1 481527216
-8 240763608
+1 240763608
+7 481527216
-7 481527216
+7 240763608
-7 240763608
+8 240763608
-8 481527216
+8 722290824
-8 240763608
+8 240763608
+3 481527216
-3 240763608
+3 240763608
-3 240763608
+3 722290824
+1 481527216
+2 1685345256
+1 962956408
+2 49012

fl=(59) ???
fn=(212) __log_finite
0 8

fn=(226) sin
0 8

fn=(280) 0x00000000000056d0
0 17

fn=(716) 0x0000000000005600
0 9

fn=(706) 0x0000000000005690
0 8
cob=(2) ???
cfi=(16) ???
cfn=(712) 0x0000000004c2f5f8
calls=1 0 
0 57
0 1
cfn=(716)
calls=1 0 
0 9
0 3

fn=(224) __atan2_finite
0 8

fl=(133) /build/glibc-9tT8Do/glibc-2.23/math/../sysdeps/ieee754/dbl-64/mpexp.c
fn=(542) __mpexp
44 31116
+34 15558
-34 124464
+37 15558
-37 15558
+34 15558
+1 31116
+1 15558
+1 31116
+1 46674
+1 15558
-1 46674
+1 274938
-1 824814
+2 31116
+11 15210
+1 30420
fi=(134) /build/glibc-9tT8Do/glibc-2.23/math/../sysdeps/ieee754/dbl-64/mpa.h
+39 124464
+1 46674
+6 36302
-5 25930
+15 5186
-4 5186
+1 5186
+3 15558
-4 10372
+1 10372
+3 103720
cob=(3) /lib/x86_64-linux-gnu/libc-2.23.so
cfi=(131) /build/glibc-9tT8Do/glibc-2.23/string/../sysdeps/x86_64/multiarch/../memset.S
cfn=(536) __GI_memset
calls=15558 -99 
* 342404
* 15558
fe=(133)
-38 31116
+13 15558
-13 77790
cfi=(129) /build/glibc-9tT8Do/glibc-2.23/math/../sysdeps/ieee754/dbl-64/mpa.c
cfn=(546) __mul
calls=15558 623 
* 9715278
+13 62232
cfi=(129)
cfn=(540) __cpy
calls=15558 -13 
* 1182408
+5 93348
+3 15558
+2 31116
-2 46674
+2 46674
cfi=(129)
cfn=(526) __dbl_mp
calls=15558 333 
* 1197966
-2 31116
+2 62232
-2 93348
+2 93348
cfi=(129)
cfn=(526)
calls=31116 333 
* 2395932
+1 233370
cfi=(129)
cfn=(554) __add
calls=46674 513 
* 12415284
+1 233370
cfi=(129)
cfn=(546)
calls=46674 623 
* 36441874
-7 140022
+9 62232
cfi=(129)
cfn=(526)
calls=15558 333 
* 1197966
+1 77790
cfi=(129)
cfn=(560) __dvd
calls=15558 899 
* 91512156
+1 77790
cfi=(129)
cfn=(554)
calls=15558 513 
* 4081382
+3 62232
+9 726040
+1 363020
-1 363020
cfi=(129)
cfn=(566) __sqr
calls=363020 768 
* 185454720
-9 726040
+2 1493248
cfi=(129)
cfn=(566)
calls=373312 768 
* 190912092
* 373312
+11 373312
-9 746624
+9 30876
cfi=(129)
cfn=(540)
calls=10292 -45 
* 782192
* 10292
+2 21064
cfi=(129)
cfn=(540)
calls=5266 -47 
* 400216
+2 124464
-77 348
+2 348
-2 348
+2 1044
+3 348
+1 1392
+3 348
+1 696
fi=(134)
+41 20744
+7 51860
fe=(133)

fl=(127)
fn=(522)
51 51860
+7 5186
cfi=(128)
cfn=(524)
calls=5186 +6 
* 274858
+3 5186
-3 5186
+3 5186
+64 41488
-41 15558
+1 5186
+1 5186
-2 5186
+8 5186
+1 5186
-9 5186
cfi=(129)
cfn=(526)
calls=5186 333 
* 425651
+1 15558
+13 5186
-13 5186
cfi=(129)
cfn=(526)
calls=5186 333 
* 399322
+1 20744
cfi=(129)
cfn=(526)
calls=5186 333 
* 399322
+5 20744
cfi=(132) /build/glibc-9tT8Do/glibc-2.23/math/../sysdeps/ieee754/dbl-64/mplog.c
cfn=(538) __mplog
calls=5186 -50 
* 374004352
+1 25930
cfi=(129)
cfn=(546)
calls=5186 623 
* 4008778
+1 20744
cfi=(133)
cfn=(542)
calls=5186 -49 
* 188955398
+4 36302
cfi=(129)
cfn=(554)
calls=5186 513 
* 1089172
+1 25930
cfi=(129)
cfn=(562) __mp_dbl
calls=5186 310 
* 626788
+1 36302
cfi=(129)
cfn=(564) __sub
calls=5186 563 
* 1431448
+1 25930
cfi=(129)
cfn=(562)
calls=5186 310 
* 626788
+1 20744
+4 20744
+1 5186

fl=(58) /build/glibc-9tT8Do/glibc-2.23/math/../sysdeps/x86_64/fpu/multiarch/e_pow.c
fn=(210) __pow_finite
8 5

fl=(129)
fn=(562)
310 25930
-1 25930
+1 51860
+6 103720
131 51860
+13 129554
+3 25882
-1 25882
-2 51764
+3 385696
-1 385696
-2 849038
+9 129410
+3 155292
-1 25882
+1 77646
-1 25882
+7 25882
-6 25882
-1 25882
+7 77646
-9 240
+3 288
-1 48
+1 144
-1 48
+7 48
-6 48
-1 48
+7 144
+19 311160
+5 51860
-2 77790
+2 67418
+1 10372
-1 41264
+1 20520
-1 41040
301 10372
+19 51860
164 1184
+4 8
-2 8
+2 8
+10 1184
+10 93348
+1 15558
-1 31116
301 31116
144 144

fn=(566)
768 1472664
-5 2945328
+13 736332
+1 736332
-14 736332
+13 1472664
+1 2208996
+3 2945328
+2 4417992
+5 4417992
+5 4417992
+1 5154324
+11 11044980
+1 2208996
-1 2208996
+1 2208996
-1 2208996
+1 2208996
-1 4417992
+1 7363320
-1 7363320
+1 7363320
-1 7363320
+1 7363320
-1 16935636
+3 4417992
+2 11044980
+1 2208996
-23 5154324
+26 2208996
+5 13253976
+1 18408300
+3 43443588
+1 5890656
-1 5890656
+1 5890656
-1 5890656
+1 5890656
-1 11781312
+1 8835984
-1 8835984
+1 8835984
-1 8835984
+1 8835984
-1 17671968
+3 5890656
+2 38289264
+11 736332
-8 736332
+3 736332
+5 736332
+3 1472664
+7 487516
+1 2925096
-6 1492896
cob=(3)
cfi=(135) /build/glibc-9tT8Do/glibc-2.23/string/../sysdeps/x86_64/multiarch/memcpy-ssse3-back.S
cfn=(552) __memmove_ssse3_back
calls=248816 55 
* 5473952
* 248816
+2 248816
+3 248816
+1 1492896

fn=(546)
623 746784
-8 1493568
+17 186696
-17 186696
+16 373392
+1 2266218
-1 819356
+8 373392
+29 933480
+2 933480
+1 829792
cob=(3)
cfi=(131)
cfn=(536)
calls=103724 53 
* 1602534
* 103724
* 207448
+6 518620
+2 207448
-2 414860
+2 912728
+2 560088
+1 186696
-3 560088
+2 2120544
+1 706848
-3 2120544
+5 3310228
+1 3951824
+2 82960
-2 165956
+2 793474
+4 684544
-2 518600
+5 518600
+2 1711360
+1 1026816
-1 342272
+1 1026816
-1 342272
+1 684544
-1 684544
+1 3469398
-1 1156466
+1 3469398
-1 1156466
+1 2312932
-1 2312932
+3 684544
+2 1369088
+1 342272
-15 814194
+31 560088
+4 2987176
-2 1638816
+5 3277632
+2 8401440
+1 3920676
-1 1306892
+1 3920676
-1 1306892
+1 2613784
-1 2613784
+1 5336454
-1 1778818
+1 5336454
-1 1778818
+1 3557636
-1 3557636
+3 1306892
+2 6534460
-2 186696
+2 746784
+3 186696
+5 373392
+3 373392
+8 186696
-1 186696
+1 373392
+1 1602474
639 1749796
-1 1283056
745 1007292
cob=(3)
cfi=(135)
cfn=(552)
calls=167881 55 
* 3693382
cob=(1) /lib/x86_64-linux-gnu/ld-2.23.so
cfi=(76) /build/glibc-9tT8Do/glibc-2.23/elf/../sysdeps/x86_64/dl-trampoline.h
cfn=(299) _dl_runtime_resolve_avx'2
calls=1 64 
* 998
* 167886
+2 335764
-62 241676

fn=(564)
563 435624
+3 62232
-3 62232
+3 124464
+6 248928
+6 62232
+2 62232
-2 62232
+18 55116
+10 110232
-10 55116
+10 220464
-13 62232
cfn=(556) __acr
calls=62232 83 
* 694792
* 124464
+5 14232
+3 7116
+5 14232
-5 14232
+5 28464
-11 275580
cfn=(558) sub_magnitudes
calls=55116 438 
* 13182118
* 55116
+5 35580
cfn=(558)
calls=7116 438 
* 1817114
* 7116

fn=(554)
513 466740
+3 77790
-3 77790
+3 155580
+5 233370
+6 311160
+2 155580
-2 77790
+15 48604
cfn=(556)
calls=48604 83 
* 499668
* 97208
+5 62232
+8 280044
-26 29186
cfn=(556)
calls=29186 83 
* 293790
* 58372
375 13628
-3 13628
+7 13628
-4 13628
+3 54512
+3 149908
+10 136280
-2 27256
+2 663220
-2 173528
+15 68140
+2 122652
-2 27256
+2 384318
-2 85404
+15 27256
+2 68140
cob=(3)
cfi=(135)
cfn=(552)
calls=13628 55 
* 299816
* 13628
545 62232
+10 186696
375 15558
-3 15558
+7 15558
-4 15558
+3 62232
+3 171138
+10 155580
-2 31116
+2 1089060
-2 264486
+15 77790
+2 140022
-2 31116
+2 140022
-2 31116
+15 31116
+2 77790
cob=(3)
cfi=(135)
cfn=(552)
calls=15558 55 
* 342276
* 15558
550 140022
-6 87440
cfn=(558)
calls=17488 438 
* 4179632
* 17488
+5 155580
cfn=(558)
calls=31116 438 
* 7436724
* 31116

fn=(560)
899 31116
-3 77790
-19 15558
+19 62232
-26 77790
+4 15558
-4 46674
cfn=(540)
calls=15558 114 
* 1182408
+2 46674
-1 15558
+1 15558
cfn=(562)
calls=15558 310 
* 2287026
+1 15558
+1 31116
-1 31116
+1 15558
cfn=(526)
calls=15558 333 
* 1197966
+1 15558
+2 15558
-2 15558
+2 93348
+2 62232
cfn=(540)
calls=15558 114 
* 1182408
* 124464
cfn=(540)
calls=31116 114 
* 2364816
+1 186696
-3 46674
+3 46674
cfn=(546)
calls=46674 623 
* 23881530
+1 233370
cfn=(564)
calls=46674 563 
* 13208742
+1 233370
cfn=(546)
calls=46674 623 
* 32251734
-5 93348
+27 77790
cfn=(546)
calls=15558 623 
* 12088566
+2 124464

fn=(556)
83 280044
+7 420066
+4 477112
+2 57046
-32 3256
+1 6512
+2 13024
+2 16280
+34 136766
-36 3256
-2 29304
+2 45584

fn=(558)
438 221672
+2 110836
-2 332508
+5 221672
+2 443344
+4 221672
+8 110836
+2 110836
-2 110836
+6 449370
+5 449370
-2 99860
-3 426342
+5 548154
-2 121812
+2 7135632
-2 2029040
+16 440088
+2 860640
-2 215160
+2 776768
-2 194192
+16 640412
+2 41488
+1 20744
-1 20744
+1 20744
-1 180184
+1 90092
-1 90092
+1 1662540
+1 110836
+1 221672
+2 93348
cob=(3)
cfi=(131)
cfn=(536)
calls=10372 53 
* 150394
* 10372
-48 322740
+2 60906
+1 60906
-1 121812
+1 60906
+41 554180
+1 221672
-1 110836
+1 110836
-1 110836
+1 2113000
-1 1056500
+1 1056500
-1 1167336
+4 502320

fn=(526)
333 373392
+5 93348
+1 93348
-1 93348
+9 658510
+1 5074
-1 25370
+2 373392
-19 93348
+23 280044
+1 186696
+2 186696
-2 93348
+2 280044
+1 93348
-3 93348
+2 186696
-2 93348
+2 280044
+1 93348
-3 93348
+2 186696
-2 93348
+2 280044
+1 93348
-3 93348
+2 280044
+3 653436
cob=(3)
cfi=(131)
cfn=(536)
calls=93347 53 
* 1493552
cob=(1)
cfi=(76)
cfn=(299)
calls=1 64 
* 971
* 93352
-12 176548

fn=(540)
114 108906
+1 108906
-1 108906
+1 1851402
+1 217812
-1 326718
+1 2178120
-1 3376086

fl=(62) /build/glibc-9tT8Do/glibc-2.23/math/../sysdeps/x86_64/fpu/multiarch/s_floorf.S
fn=(218) floorf
25 1
+1 1
+1 1
+1 1
+2 1

fl=(55) /build/glibc-9tT8Do/glibc-2.23/math/../sysdeps/x86_64/fpu/multiarch/s_rint.S
fn=(204) rint
25 1
+1 1
+1 1
+1 1
+2 1

fl=(61) /build/glibc-9tT8Do/glibc-2.23/math/../sysdeps/x86_64/fpu/multiarch/e_asin.c
fn=(222) __asin_finite
16 5

fn=(216) __acos_finite
10 5

fl=(121) /build/glibc-9tT8Do/glibc-2.23/math/w_pow.c
fn=(496) pow
26 541674926
+1 1625024778
cfi=(122)
cfn=(500)
calls=541674926 +38 
* 77586019729
* 541674926
+1 4333399408
+30 2166699704
+15 1083349852

fl=(57) /build/glibc-9tT8Do/glibc-2.23/math/../sysdeps/x86_64/fpu/multiarch/s_ceil.S
fn=(208) ceil
25 1
+1 1
+1 1
+1 1
+2 1

fl=(54) /build/glibc-9tT8Do/glibc-2.23/math/../sysdeps/x86_64/fpu/multiarch/s_sin.c
fn=(202) cos
12 8

fl=(132)
fn=(538)
41 10372
+10 5186
-10 41488
+10 5186
+4 5186
-14 5186
+14 15558
cfi=(129)
cfn=(540)
calls=5186 +59 
* 394136
+1 25930
+3 15558
-1 5186
-2 5186
+3 5186
cfi=(133)
cfn=(542)
calls=5186 -15 
* 177247958
* 15558
-1 5186
-2 5186
+3 5186
cfi=(133)
cfn=(542)
calls=5186 -15 
* 180829732
+1 51860
cfi=(129)
cfn=(546)
calls=10372 623 
* 8340856
+1 51860
cfi=(129)
cfn=(564)
calls=10372 563 
* 3253302
+1 51860
cfi=(129)
cfn=(554)
calls=10372 513 
* 2714472
+1 41488
cfi=(129)
cfn=(540)
calls=10372 +51 
* 788272
-7 20744
+9 41488

fl=(60) /build/glibc-9tT8Do/glibc-2.23/math/../sysdeps/x86_64/fpu/multiarch/s_rintf.S
fn=(214) rintf
25 1
+1 1
+1 1
+1 1
+2 1

ob=(2)
fl=(16)
fn=(646) 0x0000000004f528a8
0 4
cob=(3)
cfi=(98) /build/glibc-9tT8Do/glibc-2.23/malloc/malloc.c
cfn=(518) free
calls=4 2932 
0 1070

fn=(722) 0x0000000004ca0d0c
0 3

fn=(466) 0x0000000004f528a0
0 5
cob=(3)
cfi=(98)
cfn=(386) malloc
calls=5 2900 
0 1849

fn=(712)
0 1
cob=(3)
cfi=(159) /build/glibc-9tT8Do/glibc-2.23/stdlib/cxa_finalize.c
cfn=(692) __cxa_finalize
calls=1 31 
0 56

fn=(276) 0x0000000004c2f428
0 6

fn=(690) 0x0000000004a28570
0 1
cob=(3)
cfi=(159)
cfn=(692)
calls=1 31 
0 56

fn=(704) 0x0000000004a287b8
0 3

fn=(312) 0x0000000000400830
0 6

fn=(84) 0x0000000004000ab0
0 1
cob=(1)
cfi=(17) /build/glibc-9tT8Do/glibc-2.23/elf/dl-minimal.c
cfn=(86) free
calls=1 120 
0 6

fn=(242) 0x0000000004a28530
0 6

fn=(682) 0x0000000000402a54
0 3

ob=(5) /usr/lib/valgrind/vgpreload_core-amd64-linux.so
fl=(65) ???
fn=(684) 0x0000000000000610
0 8
cob=(2)
cfi=(16)
cfn=(690)
calls=1 0 
0 57
0 1
cfn=(698) 0x0000000000000580
calls=1 0 
0 9
0 3

fn=(698)
0 9

fn=(246) 0x0000000000000650
0 17

ob=(6) /home/cong/Bui/Final_Project/Submission/ThreeBodyOG
fl=(75) ???
fn=(426) myrename
0 10
cob=(1)
cfi=(76)
cfn=(299)
calls=1 64 
0 1018
0 5
0 9

fn=(330) main
0 7
cob=(1)
cfi=(76)
cfn=(299)
calls=1 64 
0 991
0 5
0 7
cob=(1)
cfi=(76)
cfn=(299)
calls=1 64 
0 1067
0 5
0 6
cob=(1)
cfi=(76)
cfn=(299)
calls=1 64 
0 1124
0 5
0 7
cob=(3)
cfi=(89) /build/glibc-9tT8Do/glibc-2.23/stdlib/atof.c
cfn=(356) atof
calls=1 27 
0 373
0 1
0 9
cob=(1)
cfi=(76)
cfn=(299)
calls=1 64 
0 1025
0 5
0 2
cob=(1)
cfi=(76)
cfn=(299)
calls=1 64 
0 60322
0 5
0 8
cob=(1)
cfi=(76)
cfn=(299)
calls=1 64 
0 995
0 5
0 3
cfn=(426)
calls=1 0 
0 1042
0 6
cob=(3)
cfi=(92) /build/glibc-9tT8Do/glibc-2.23/string/../sysdeps/x86_64/strlen.S
cfn=(362) strlen
calls=1 66 
0 16
0 1
0 6
cob=(3)
cfi=(92)
cfn=(362)
calls=1 66 
0 16
0 1
0 6
cob=(3)
cfi=(92)
cfn=(362)
calls=1 66 
0 16
0 1
0 4
cob=(3)
cfi=(98)
cfn=(386)
calls=1 2900 
0 195
0 1
0 16
cob=(1)
cfi=(76)
cfn=(299)
calls=1 64 
0 1983
0 5
0 4
cob=(1)
cfi=(76)
cfn=(299)
calls=1 64 
0 1455
0 5
0 3
cob=(3)
cfi=(98)
cfn=(386)
calls=1 2900 
0 195
0 1
0 61
cob=(3)
cfi=(117) /build/glibc-9tT8Do/glibc-2.23/libio/iofopen.c
cfn=(462) fopen@@GLIBC_2.2.5
calls=1 97 
0 503
0 1
0 21
cfn=(484) delVmin_opt
calls=1 0 
0 133391365624
0 5
cob=(1)
cfi=(76)
cfn=(299)
calls=1 64 
0 1657
0 5
0 28
cfn=(486) integrator
calls=1 0 
0 848286082
0 4
cob=(3)
cfi=(98)
cfn=(518)
calls=1 2932 
0 100
0 1
0 4
cob=(3)
cfi=(98)
cfn=(518)
calls=1 2932 
0 100
0 1
0 3
cob=(3)
cfi=(98)
cfn=(518)
calls=1 2932 
0 100
0 1
0 3
cob=(3)
cfi=(153) /build/glibc-9tT8Do/glibc-2.23/libio/iofclose.c
cfn=(636) fclose@@GLIBC_2.2.5
calls=1 39 
0 1161
0 1
0 3
cob=(3)
cfi=(98)
cfn=(518)
calls=1 2932 
0 100
0 1
0 1
cob=(3)
cfi=(83) /build/glibc-9tT8Do/glibc-2.23/time/../sysdeps/unix/sysv/linux/clock.c
cfn=(336) clock
calls=1 25 
0 39
0 1
0 14
cob=(1)
cfi=(76)
cfn=(299)
calls=1 64 
0 4346
0 5
0 4

fn=(488) dydtfun
0 1324093584
cfn=(490) forces
calls=40124048 0 
0 35702627004
0 481488576
cfn=(490)
calls=40124048 0 
0 35943308457
0 601860720
cfn=(490)
calls=40124048 0 
0 35732184312
0 882729056
cob=(3)
cfi=(98)
cfn=(518)
calls=40124047 2932 
0 4012404700
cob=(1)
cfi=(76)
cfn=(299)
calls=1 64 
0 1072
0 40124052
0 120372144
cob=(3)
cfi=(98)
cfn=(518)
calls=40124048 2932 
0 4012404800
0 40124048
0 120372144
cob=(3)
cfi=(98)
cfn=(518)
calls=40124048 2932 
0 4012404800
0 40124048
0 1765458112

fn=(484)
0 13
cob=(3)
cfi=(98)
cfn=(386)
calls=1 2900 
0 195
0 1
0 13779
cfn=(486)
calls=841 0 
0 133391321536
0 3357
cob=(4)
cfi=(121)
cfn=(496)
calls=139 26 
0 6950
0 139
0 973
cob=(4)
cfi=(121)
cfn=(496)
calls=139 26 
0 6950
0 139
0 278
cob=(4)
cfi=(123)
cfn=(506)
calls=139 27 
0 695
0 139
0 6098
cob=(3)
cfi=(98)
cfn=(518)
calls=1 2932 
0 100
0 1
0 8
cob=(1)
cfi=(76)
cfn=(299)
calls=1 64 
0 4014
0 5
0 2
cob=(3)
cfi=(98)
cfn=(386)
calls=1 2900 
0 240
0 1
0 11

fn=(490)
0 1925954304
cob=(4)
cfi=(121)
cfn=(496)
calls=120372143 26 
0 6018607150
cob=(1)
cfi=(76)
cfn=(299)
calls=1 64 
0 843
0 120372148
0 601860720
cob=(4)
cfi=(121)
cfn=(496)
calls=120372144 26 
0 6018607200
0 120372144
0 240744288
cob=(4)
cfi=(123)
cfn=(506)
calls=120372143 27 
0 601860715
cob=(1)
cfi=(76)
cfn=(299)
calls=1 64 
0 806
0 120372148
0 481488576
cob=(3)
cfi=(98)
cfn=(386)
calls=120372144 2900 
0 12518704396
0 120372144
0 1805582160
cob=(4)
cfi=(121)
cfn=(496)
calls=120372144 26 
0 36415656681
0 120372144
0 2527815024
cob=(4)
cfi=(121)
cfn=(496)
calls=120372144 26 
0 36415654742
0 120372144
0 1083349296

fn=(676) 0x00000000004009c0
0 8

fn=(290) _start
0 11
cob=(1)
cfi=(76)
cfn=(298) _dl_runtime_resolve_avx
calls=1 64 
0 134239733383
0 5

fn=(310) __libc_csu_init
0 15
cob=(2)
cfi=(16)
cfn=(312)
calls=1 0 
0 6
0 8
cfn=(316) 0x0000000000400a60
calls=1 0 
0 16
0 11

fn=(672) 0x0000000000400a40
0 5
cfn=(676)
calls=1 0 
0 8
0 3

fn=(316)
0 16

fn=(486)
0 10104
cob=(3)
cfi=(98)
cfn=(386)
calls=842 2900 
0 87865
0 842
0 2526
cob=(3)
cfi=(98)
cfn=(386)
calls=842 2900 
0 87736
0 842
0 210695878
cfn=(488)
calls=10031012 0 
0 31146181464
0 1103411320
cfn=(488)
calls=10031012 0 
0 31198572208
0 1103411320
cfn=(488)
calls=10031012 0 
0 31326112931
0 1103411320
cfn=(488)
calls=10031012 0 
0 31161215026
0 1505118472
cob=(3)
cfi=(141) /build/glibc-9tT8Do/glibc-2.23/stdio-common/fprintf.c
cfn=(604) fprintf
calls=29167 27 
0 458637474
0 29167
0 50155060
cob=(4)
cfi=(121)
cfn=(496)
calls=10031012 26 
0 501550600
0 10031012
0 60186072
cob=(4)
cfi=(121)
cfn=(496)
calls=10031012 26 
0 501550600
0 10031012
0 20062024
cob=(4)
cfi=(123)
cfn=(506)
calls=10031012 27 
0 50155060
0 10031012
0 80248096
cob=(4)
cfi=(121)
cfn=(496)
calls=10031012 26 
0 501550600
0 10031012
0 70217084
cob=(4)
cfi=(121)
cfn=(496)
calls=10031012 26 
0 501550600
0 10031012
0 20062024
cob=(4)
cfi=(123)
cfn=(506)
calls=10031012 27 
0 50155060
0 10031012
0 80248096
cob=(4)
cfi=(121)
cfn=(496)
calls=10031012 26 
0 501550600
0 10031012
0 70217084
cob=(4)
cfi=(121)
cfn=(496)
calls=10031012 26 
0 501550600
0 10031012
0 20062024
cob=(4)
cfi=(123)
cfn=(506)
calls=10031012 27 
0 50155060
0 10031012
0 60187476
cob=(3)
cfi=(136) /build/glibc-9tT8Do/glibc-2.23/libio/ioputs.c
cfn=(572) puts
calls=701 33 
0 271988
cob=(1)
cfi=(76)
cfn=(299)
calls=1 64 
0 2614
0 706
0 30092540
cob=(3)
cfi=(136)
cfn=(572)
calls=103 33 
0 43363
0 103
0 110339219
cob=(3)
cfi=(98)
cfn=(518)
calls=842 2932 
0 84200
0 842
0 2526
cob=(3)
cfi=(98)
cfn=(518)
calls=842 2932 
0 84200
0 842
0 5052

ob=(1)
fl=(158) /build/glibc-9tT8Do/glibc-2.23/elf/dl-fini.c
fn=(670) _dl_fini
130 8
+17 1
+3 15
+3 2
cfi=(2) /build/glibc-9tT8Do/glibc-2.23/elf/rtld.c
cfn=(50) rtld_lock_default_lock_recursive
calls=1 688 
* 2
+2 1
+3 2
+2 6
+8 1
-3 1
+3 8
+7 10
+2 10
+2 5
+1 5
+5 5
-6 5
-6 5
+8 5
-8 11
+14 9
+1 2
+4 1
31 1
+2 1
192 1
33 1
+6 1
-1 1
+2 1
-2 2
+1 8
+1 1
cfi=(27) /build/glibc-9tT8Do/glibc-2.23/string/../sysdeps/x86_64/multiarch/../memset.S
cfn=(74) memset
calls=1 +13 
* 15
* 1
+77 20
+3 24
cfi=(27)
cfn=(74)
calls=3 -67 
* 54
* 8
-76 12
+1 12
+4 16
+6 8
+1 8
+2 30
+1 15
+2 30
+1 21
201 3
cfi=(2)
cfn=(52) rtld_lock_default_unlock_recursive
calls=1 694 
* 2
+5 3
81 4
208 1
+2 3
-2 4
+2 12
+3 10
+3 15
+4 6
+9 3
+3 3
-3 3
+3 6
+2 12
+1 6
cob=(4)
cfi=(59)
cfn=(706)
calls=1 0 
* 78
cob=(5)
cfi=(65)
cfn=(684)
calls=1 0 
* 78
cob=(6)
cfi=(75)
cfn=(672)
calls=1 0 
* 16
-1 12
+5 6
+1 9
cob=(2)
cfi=(16)
cfn=(722)
calls=1 0 
* 3
cob=(2)
cfi=(16)
cfn=(704)
calls=1 0 
* 3
cob=(2)
cfi=(16)
cfn=(682)
calls=1 0 
* 3
+6 30
+16 10
-56 13
+11 6
92 18
+21 6
-57 15
268 4
+2 1
-2 2
+6 2
+7 8

fl=(102) /build/glibc-9tT8Do/glibc-2.23/elf/dl-open.c
fn=(402) _dl_find_dso_for_object
182 5
+1 4
+1 16
+1 2
+3 2
+4 1
-9 9

fl=(33) /build/glibc-9tT8Do/glibc-2.23/setjmp/../sysdeps/x86_64/setjmp.S
fn=(100) __sigsetjmp
26 6
+9 6
+1 12
+1 6
+4 6
+1 6
+1 6
+1 6
+1 6
+2 12
+2 6
+1 6
+1 6
+2 12
+2 6
+4 6
+1 6

fl=(31) /build/glibc-9tT8Do/glibc-2.23/elf/dl-tls.c
fn=(160) _dl_determine_tlsoffset
138 7
+6 3
+3 2
+36 3
+2 10
+3 1
-1 1
+5 2
-5 3
+3 3
+2 5
+16 3
+2 2
-2 2
+2 2
+10 1
-37 2
+25 1
-25 4
+40 4
+1 1
+51 1
+1 8

fn=(90) _dl_count_modids
115 2
+1 2

fn=(198) _dl_add_to_slotinfo
890 3
+9 1
-9 1
+6 2
+8 5
+41 1
+1 3
+1 4

fn=(228) _dl_allocate_tls_init
450 2
-1 7
+5 1
+6 3
-6 1
+6 1
-4 1
+16 1
-15 3
+20 6
+6 16
+3 1
+1 2
+6 3
+3 1
-2 2
+2 4
+1 1
+3 1
-1 3
+4 2
+1 4
+2 2
+9 6
cfi=(25) /build/glibc-9tT8Do/glibc-2.23/string/../sysdeps/x86_64/memcpy.S
cfn=(70) mempcpy
calls=1 61 
* 23
* 4
cfi=(27)
cfn=(74)
calls=1 53 
* 30
* 2
-38 3
+52 2
+2 1
+1 8

fn=(146) _dl_next_tls_modid
49 1
+3 4
+48 1
+4 2

fn=(162) _dl_allocate_tls_storage
354 3
+2 1
+11 3
cfi=(17)
cfn=(44) __libc_memalign
calls=1 52 
* 76
* 1
+1 2
+7 2
+4 1
-57 1
+57 296
-58 2
+1 2
cfi=(17)
cfn=(36) calloc
calls=1 103 
* 38
* 1
+1 2
+3 1
+6 2
+64 5

fl=(76)
fn=(298)
64 1
+3 1
+2 1
+2 1
+3 1
+1 1
+1 1
+1 1
+1 1
+1 1
+1 1
+1 1
+1 1
+1 1
+1 1
+1 1
+1 1
+1 1
+1 1
+5 1
+1 1
+1 1
+1 1
+14 1
+1 1
+1 1
cfi=(77) /build/glibc-9tT8Do/glibc-2.23/elf/../elf/dl-runtime.c
cfn=(300) _dl_fixup
calls=1 -46 
* 1039
+1 1
+5 1
+1 1
+1 1
+1 1
+13 1
+1 1
+1 1
+1 1
+1 1
+1 1
+1 1
+1 1
+1 1
+1 1
+1 1
+1 1
+1 1
+1 1
+1 1
+2 1
+2 1
+4 1
+3 1
cob=(3)
cfi=(78) /build/glibc-9tT8Do/glibc-2.23/csu/../csu/libc-start.c
cfn=(304) (below main)
calls=1 -25 
* 134239732294

fn=(299)
64 19
+3 19
+2 19
+2 19
+3 19
+1 19
+1 19
+1 19
+1 19
+1 19
+1 19
+1 19
+1 19
+1 19
+1 19
+1 19
+1 19
+1 19
+1 19
+5 19
+1 19
+1 19
+1 19
+14 19
+1 19
+1 19
cfi=(77)
cfn=(300)
calls=19 -46 
* 17504
+1 19
+5 19
+1 19
+1 19
+1 19
+13 19
+1 19
+1 19
+1 19
+1 19
+1 19
+1 19
+1 19
+1 19
+1 19
+1 19
+1 19
+1 19
+1 19
+1 19
+2 19
+2 19
+4 19
+3 19
cob=(3)
cfi=(155) /build/glibc-9tT8Do/glibc-2.23/stdio-common/printf.c
cfn=(662) printf
calls=1 28 
* 3335
cob=(3)
cfi=(153)
cfn=(636)
calls=1 39 
* 673
cob=(3)
cfi=(141)
cfn=(604)
calls=1 27 
* 3046
cob=(3)
cfi=(136)
cfn=(572)
calls=1 33 
* 1663
cob=(3)
cfi=(135)
cfn=(552)
calls=1 55 
* 22
cob=(3)
cfi=(131)
cfn=(536)
calls=1 53 
* 16
cob=(3)
cfi=(98)
cfn=(518)
calls=1 2932 
* 100
cob=(4)
cfi=(123)
cfn=(506)
calls=1 27 
* 5
cob=(4)
cfi=(121)
cfn=(496)
calls=1 26 
* 50
cob=(3)
cfi=(117)
cfn=(462)
calls=1 -62 
* 503
cob=(3)
cfi=(111) /build/glibc-9tT8Do/glibc-2.23/stdio-common/sprintf.c
cfn=(440) sprintf
calls=1 27 
* 1007
cob=(3)
cfi=(110) /build/glibc-9tT8Do/glibc-2.23/string/../sysdeps/x86_64/multiarch/../strchr.S
cfn=(434) __GI_strchr
calls=1 24 
* 23
cob=(3)
cfi=(108) /build/glibc-9tT8Do/glibc-2.23/string/../sysdeps/x86_64/multiarch/strcpy-sse2-unaligned.S
cfn=(424) __strcpy_sse2_unaligned
calls=1 47 
* 20
cfi=(102)
cfn=(402)
calls=1 +23 
* 39
cob=(3)
cfi=(98)
cfn=(386)
calls=1 2900 
* 59354
cob=(3)
cfi=(92)
cfn=(362)
calls=1 -93 
* 16
cob=(3)
cfi=(89)
cfn=(356)
calls=1 27 
* 148
cob=(3)
cfi=(86) /build/glibc-9tT8Do/glibc-2.23/stdlib/atoi.c
cfn=(346) atoi
calls=1 26 
* 115
cob=(3)
cfi=(83)
cfn=(336)
calls=1 25 
* 39

fl=(41) /build/glibc-9tT8Do/glibc-2.23/io/../sysdeps/unix/sysv/linux/wordsize-64/xstat.c
fn=(138) _xstat
34 4
-1 4
+1 4
+1 24
+4 1
-4 12

fl=(32) /build/glibc-9tT8Do/glibc-2.23/elf/dl-error.c
fn=(148) _dl_receive_error
205 10
+1 1
cfi=(2)
cfn=(98) _dl_initial_error_catch_tsd
calls=1 648 
* 2
+5 1
-1 1
-4 1
+9 1
+2 1
-3 1
+3 1
cfi=(2)
cfn=(150) version_check_doit
calls=1 513 
* 5109
+2 1
+1 1
+1 8

fn=(96) _dl_catch_error
163 12
+15 6
-3 12
+1 12
-13 12
+14 12
+1 6
+2 6
cfi=(2)
cfn=(98)
calls=6 648 
* 12
+2 6
-1 6
+4 6
-3 12
+3 6
-4 6
+4 6
cfi=(33)
cfn=(100)
calls=6 26 
* 120
* 18
+2 18
cfi=(40) /build/glibc-9tT8Do/glibc-2.23/elf/dl-deps.c
cfn=(134) openaux
calls=5 60 
* 10592
cfi=(2)
cfn=(102) map_doit
calls=1 480 
* 2372
+1 12
+2 6
+1 6
-3 6
+1 12
+1 6
+9 6
-8 6
+8 18

fl=(2)
fn=(98)
648 14

fn=(102)
480 1
+2 1
-2 1
+3 8
cfi=(22) /build/glibc-9tT8Do/glibc-2.23/elf/dl-load.c
cfn=(104) _dl_map_object
calls=1 2167 
* 2358
* 1
+2 2

fn=(50)
688 12

fn=(52)
694 12

fn=(2) _dl_start
337 9
+18 4
fi=(5) /build/glibc-9tT8Do/glibc-2.23/elf/../sysdeps/x86_64/dl-machine.h
59 1
fe=(2)
355 1
fi=(3) /build/glibc-9tT8Do/glibc-2.23/elf/get-dynamic-info.h
45 1
fi=(5)
+14 2
fe=(2)
381 1
fi=(3)
45 1
fe=(2)
378 1
fi=(3)
45 1
+25 2
-3 1
-7 1
+5 1
+3 1
+2 1
-3 1
-3 1
-3 2
-13 26
+23 13
-26 39
+26 1
-26 3
+2 36
+13 20
+1 16
+10 4
-26 12
+33 2
+20 4
+1 4
+1 4
+1 4
+2 4
+5 4
+1 4
+1 4
+6 3
+5 2
+7 3
+1 3
+8 3
+2 3
+3 2
+1 2
fe=(2)
392 2
286 1
399 1
286 1
cfi=(6) /build/glibc-9tT8Do/glibc-2.23/elf/dl-lookup.c
cfn=(10) _dl_setup_hash
calls=1 956 
* 23
+1 2
+1 2
+1 2
+1 2
+8 1
+9 1
-9 3
+9 1
-6 1
-3 1
+9 1
cfi=(7) /build/glibc-9tT8Do/glibc-2.23/elf/../elf/dl-sysdep.c
cfn=(12) _dl_sysdep_start
calls=1 86 
* 110014
* 1
+9 1
+3 4
+4 1
-4 1
+4 1
424 9
fi=(3)
62 4
+3 4
fe=(2)
397 26
fi=(4) /build/glibc-9tT8Do/glibc-2.23/elf/do-rel.h
84 1
+27 1
-28 1
+28 2
+1 2
fi=(5)
517 2
fi=(4)
112 18
fi=(5)
517 18
+1 20
fi=(4)
111 20
fi=(5)
518 10
fi=(4)
111 10
+5 2
+8 1
fi=(5)
312 1
fi=(4)
124 2
+12 1
+1 3
fi=(5)
266 1
fi=(4)
137 1
fi=(5)
294 1
fi=(4)
137 2
fi=(5)
294 1
fi=(4)
136 5
+1 15
fi=(5)
266 5
fi=(4)
137 5
fi=(5)
294 5
fi=(4)
137 10
fi=(5)
294 5
+9 12
+3 6
-3 12
+3 18
+6 36
fi=(3)
68 4
+2 3
fi=(5)
425 12
fi=(4)
124 19
fe=(2)

fn=(26) dl_main
738 1
+19 1
-19 7
2353 1
738 3
+19 1
+3 1
-22 1
2348 1
760 1
+4 2
+1 2
+5 2
2346 2
+7 4
-4 1
+4 8
+2 2
cfi=(13) /build/glibc-9tT8Do/glibc-2.23/elf/dl-environ.c
cfn=(28) _dl_next_ld_env_entry
calls=1 30 
* 80
* 4
cfi=(13)
cfn=(28)
calls=2 30 
* 353
* 9
+4 50
+1 19
-1 57
+3 4
+6 14
2514 3
+30 3
780 3
981 7
cfi=(15) /build/glibc-9tT8Do/glibc-2.23/elf/dl-object.c
cfn=(32) _dl_new_object
calls=1 61 
* 250
+2 1
-2 1
+2 1
+1 1
+1 1
+5 2
-5 1
+1 2
+4 1
cfi=(15)
cfn=(48) _dl_add_to_namespace_list
calls=1 32 
* 33
+1 3
747 1
1020 1
-3 1
-5 1
+1 1
+2 1
+5 7
+56 5
-55 24
-1 27
+1 47
1123 5
+3 2
+2 2
+2 3
+13 3
+1 6
cfi=(19) /build/glibc-9tT8Do/glibc-2.23/string/../sysdeps/x86_64/multiarch/../strcmp.S
cfn=(54) strcmp
calls=1 144 
* 44
* 2
+7 1
+3 1
-5 1
+3 1
+2 1
+1 2
+4 2
+2 2
fi=(3)
30 1
+9 2
+6 1
-2 1
+2 2
+15 1
+5 1
+3 1
+2 1
-3 1
-3 1
-3 14
+10 3
-26 9
+16 20
+10 20
-26 60
+26 1
-26 3
+2 48
+13 16
+2 4
+16 3
+38 3
+5 2
+7 2
+1 3
+16 3
+14 3
+18 2
fe=(2)
1166 2
cfi=(6)
cfn=(10)
calls=1 956 
* 23
+3 2
fi=(20) /build/glibc-9tT8Do/glibc-2.23/elf/setup-vdso.h
24 2
fe=(2)
1191 1
cfi=(9) /build/glibc-9tT8Do/glibc-2.23/elf/../sysdeps/unix/sysv/linux/dl-sysdep.c
cfn=(60) _dl_discover_osversion
calls=1 45 
* 85
* 8
-75 2
+1 2
+1 1
-6 2
+1 1
-88 3
+1 1
+50 2
-1 8
+2 4
+1 1
+3 2
+1 2
-1 2
+1 2
+1 2
+1 6
+1 2
-43 1
-2 2
+27 1
-25 2
+7 1
-10 1
+10 1
-19 3
+1 1
fi=(3)
65 4
+3 4
+2 4
fe=(2)
2442 4
cfi=(14) /build/glibc-9tT8Do/glibc-2.23/string/../sysdeps/x86_64/multiarch/../memcmp.S
cfn=(30) bcmp
calls=1 24 
* 31
* 2
+2 3
-55 4
cfi=(14)
cfn=(30)
calls=1 24 
* 18
* 2
+7 4
cfi=(14)
cfn=(30)
calls=1 24 
* 36
* 2
+2 3
1185 3
+11 2
cfi=(22)
cfn=(64) _dl_init_paths
calls=1 661 
* 1629
+3 3
cfi=(30) /build/glibc-9tT8Do/glibc-2.23/elf/dl-debug.c
cfn=(88) _dl_debug_initialize
calls=1 50 
* 17
+7 1
-7 1
+2 1
+5 1
+3 3
+1 1
+3 1
-3 3
+1 2
+3 1
+5 1
-7 1
+7 1
+1 5
+17 2
+1 2
+5 1
-3 4
+2 2
+1 3
+5 3
+1 5
+2 2
+1 2
+5 2
+5 1
753 1
1262 2
1439 1
cfi=(31)
cfn=(90)
calls=1 115 
* 4
* 1
+8 3
+3 1
+4 3
+5 1
+1 1
cfi=(30)
cfn=(92) _dl_debug_state
calls=1 74 
* 1
+1 1
+4 3
+15 3
+4 1
-2 1
+2 2
+31 3
cfi=(24) /build/glibc-9tT8Do/glibc-2.23/io/../sysdeps/unix/syscall-template.S
cfn=(68) access
calls=1 84 
* 9
* 2
+77 1
1481 1
1592 3
+17 3
+1 1
-1 1
+1 2
-1 1
+1 5
cfi=(40)
cfn=(132) _dl_map_object_deps
calls=1 161 
* 13035
+1 1
+2 2
+3 1
-3 3
+3 1
-3 1
+3 3
+1 4
-1 2
+1 16
-1 8
+4 3
+1 3
+1 1
+2 2
+1 6
-1 6
+1 8
-1 6
-28 5
+1 1
-1 3
+4 3
+1 1
+1 2
+1 3
+34 1
+1 2
-1 1
+1 1
+2 1
+2 3
+2 1
-4 1
+5 1
-1 2
+14 2
+1 2
+1 3
+11 1
+2 1
-2 1
+2 2
-1 1
+1 1
-2 3
+2 1
cfi=(32)
cfn=(148)
calls=1 205 
* 5139
+10 1
+1 1
-1 1
+1 1
+1 1
cfn=(158) init_tls
calls=1 573 
* 625
* 1
+2 2
703 1
+2 3
fi=(162) /build/glibc-9tT8Do/glibc-2.23/elf/../sysdeps/unix/sysv/linux/dl-osinfo.h
77 1
fe=(2)
714 1
+7 1
-5 1
1692 3
1922 3
2092 4
+2 1
+5 3
cfi=(31)
cfn=(228)
calls=1 450 
* 147
+3 2
+9 3
+2 2
+15 1
+2 1
-2 2
+3 1
-3 1
+3 1
-3 1
+3 3
cfi=(44) /build/glibc-9tT8Do/glibc-2.23/elf/dl-reloc.c
cfn=(164) _dl_relocate_object
calls=1 149 
* 4284
+1 1
+2 6
+8 1
cfi=(7)
cfn=(230) _dl_sysdep_start_cleanup
calls=1 256 
* 1
+4 3
+20 3
cfi=(30)
cfn=(88)
calls=1 50 
* 8
+1 1
-1 1
+2 1
cfi=(30)
cfn=(92)
calls=1 74 
* 1
+1 1
+4 1
cfi=(42) /build/glibc-9tT8Do/glibc-2.23/elf/dl-cache.c
cfn=(232) _dl_unload_cache
calls=1 322 
* 15
+5 8
2043 3
+7 1
+2 3
+19 1
-19 4
+2 1
+2 15
+5 10
+2 10
+6 5
+2 10
+1 32
cfi=(44)
cfn=(164)
calls=4 149 
* 78872
+4 17
-22 12
+25 1
+2 5
+6 1
-6 1
+6 1
-10 2
cfi=(31)
cfn=(198)
calls=1 890 
* 20
* 1
-12 1
+1 1
-3 2
-85 1
+11 1
-7 1
-4 1
+4 3
+4 2
+3 1
1491 2
cfi=(11) /build/glibc-9tT8Do/glibc-2.23/string/../sysdeps/x86_64/strlen.S
cfn=(22) strlen
calls=1 66 
* 34
* 8
cfi=(18) /build/glibc-9tT8Do/glibc-2.23/string/../sysdeps/x86_64/multiarch/../memcpy.S
cfn=(46) memcpy
calls=1 61 
* 67
* 1
+3 6
+3 3
cfi=(17)
cfn=(80) strsep
calls=1 354 
* 766
* 3
cfi=(17)
cfn=(80)
calls=1 354 
* 6
* 6
+1 2
+1 3
+2 4
cfn=(94) do_preload
calls=1 654 
* 2462
* 2
1635 2
1503 1
+2 6

fn=(150)
513 2
+2 4
cfi=(43) /build/glibc-9tT8Do/glibc-2.23/elf/dl-version.c
cfn=(152) _dl_check_all_versions
calls=1 380 
* 5099
* 2
+4 2

fn=(94)
654 4
+12 1
-12 2
+10 1
-4 1
+1 1
+5 4
-10 1
+6 1
+4 1
cfi=(32)
cfn=(96)
calls=1 163 
* 2434
+1 3
+10 3
+4 5

fn=(158)
573 1
+6 1
-6 1
+2 2
+4 1
+10 4
cfi=(17)
cfn=(36)
calls=1 103 
* 38
* 1
+11 1
-5 1
-7 1
+6 1
+2 1
-1 1
+5 1
+2 1
-1 1
+1 12
+2 10
+4 1
+2 1
-2 2
-5 10
+9 3
+3 1
cfi=(31)
cfn=(160)
calls=1 138 
* 71
+7 1
cfi=(31)
cfn=(162)
calls=1 354 
* 439
+1 1
-1 1
+1 1
+6 1
+3 1
-3 1
+3 6
+3 1
+2 1
+1 2

fl=(24)
fn=(130) close
84 16
+1 4

fn=(112) read
84 12
+1 3

fn=(68)
84 16
+2 20

fn=(110) open
84 36
+1 4
+1 25

fl=(26) /build/glibc-9tT8Do/glibc-2.23/misc/../sysdeps/unix/sysv/linux/wordsize-64/mmap.c
fn=(72) mmap
33 11
-1 110
+1 27
+1 110
+2 77
-3 26

fl=(12) /build/glibc-9tT8Do/glibc-2.23/elf/../misc/sbrk.c
fn=(24) sbrk
34 4
+8 6
+4 2
+16 5

fl=(13)
fn=(28)
30 3
+3 10
+13 64
-13 192
+2 132
+1 22
+5 2
-3 2
+3 2
+2 2
-12 1
+19 1

fl=(36) /build/glibc-9tT8Do/glibc-2.23/io/../sysdeps/unix/sysv/linux/wordsize-64/fxstat.c
fn=(120) _fxstat
34 4
-1 4
+1 4
+1 24
+4 4

fl=(64) /build/glibc-9tT8Do/glibc-2.23/elf/dl-init.c
fn=(240) call_init.part.0
28 25
+8 5
+3 5
-3 10
+3 15
+5 28
+5 6
+9 18
cob=(2)
cfi=(16)
cfn=(276)
calls=1 -58 
* 6
cob=(3)
cfi=(66) /build/glibc-9tT8Do/glibc-2.23/csu/../csu/init-first.c
cfn=(254) _init
calls=1 -6 
* 176
cob=(2)
cfi=(16)
cfn=(242)
calls=1 -58 
* 6
* 3
+4 6
+6 3
+2 6
-2 6
+3 15
+1 12
cob=(4)
cfi=(59)
cfn=(280)
calls=1 -72 
* 17
cob=(3)
cfi=(72) /build/glibc-9tT8Do/glibc-2.23/string/../sysdeps/x86_64/cacheinfo.c
cfn=(266) init_cacheinfo
calls=1 482 
* 1159
cob=(5)
cfi=(65)
cfn=(246)
calls=1 -72 
* 17
* 4
cob=(3)
cfi=(74) /build/glibc-9tT8Do/glibc-2.23/elf/dl-altinit.c
cfn=(274) dlinit_alt
calls=1 -39 
* 4
* 4
-1 8
+3 30
-29 3
-5 3

fn=(238) _dl_init
80 11
+1 1
+1 1
+3 3
+8 2
+1 2
+25 18
+1 15
-90 26
cfn=(240)
calls=4 -2 
* 1524
* 4
+96 8
-96 2
+58 2
+16 1
cfn=(240)
calls=1 -76 
* 76
* 1

fl=(15)
fn=(32)
61 56
+1 4
cfi=(11)
cfn=(22)
calls=4 +4 
* 82
+6 4
-6 8
+6 8
+7 16
cfi=(17)
cfn=(36)
calls=4 +28 
* 209
* 4
+3 4
-3 4
+3 4
+4 4
+5 8
-6 4
+6 4
-5 4
+3 8
+2 4
cfi=(18)
cfn=(46)
calls=4 -26 
* 111
+10 4
-10 4
+10 4
-8 4
+9 8
-1 12
+1 12
+3 4
-4 4
+1 4
+3 4
+9 4
-7 4
+4 4
+3 10
+2 2
-2 2
+2 30
-2 30
+12 4
+6 4
-5 4
-1 4
+6 20
+2 3
+3 3
-3 3
+3 3
-3 6
+7 9
+4 6
+2 5
+6 1
+6 1
-3 2
+3 5
-3 6
+3 6
+2 9
cfi=(11)
cfn=(22)
calls=3 -91 
* 102
+4 3
-4 12
+4 9
+64 6
+4 32
68 40
+34 11
+39 12
+70 9
cfi=(25)
cfn=(70)
calls=3 61 
* 97
* 53
+6 50
-1 50
+1 53
-1 3
+1 9
+5 6
-89 2
+32 6
cfi=(17)
cfn=(40) malloc
calls=3 -71 
* 87
* 3
+1 3
-1 3
+1 9
+2 1
-35 2

fn=(48)
32 20
+2 8
cfi=(2)
cfn=(50)
calls=4 688 
* 8
+2 4
-2 4
+2 27
+3 27
+2 3
+2 3
+4 3
+4 3
-4 6
+1 3
+4 6
-4 3
+1 3
+3 3
-3 3
+2 3
cfi=(2)
cfn=(52)
calls=3 694 
* 6
-4 1
+4 1
-4 2
+1 1
+4 2
-4 1
+1 1
+3 1
-3 1
+2 1
cfi=(2)
cfn=(52)
calls=1 694 
* 2
-5 2

fl=(17)
fn=(36)
103 10
+8 30
-4 10
+4 20
+3 10
cfn=(40)
calls=10 -20 
* 347
* 10

fn=(44)
52 81
+1 107
+11 78
+3 26
-3 26
+3 52
-3 3
+3 1
-3 1
+3 98
+4 12
+1 6
+6 24
cfi=(26)
cfn=(72)
calls=3 -45 
* 99
+2 15
+4 9
+3 3
+1 3
+2 15
-3 24
+1 24
+2 120
-31 2
-1 5

fn=(40)
94 26
+1 52
cfn=(44)
calls=26 -43 
* 758
* 26

fn=(80)
354 8
+2 4
+1 8
+4 132
+7 366
-2 244
+13 2
+4 4
-7 61
-15 187

fn=(86)
120 1
+2 3
+7 2

fl=(30)
fn=(92)
74 2

fn=(88)
50 10
+5 8
+5 2
-1 1
+1 2
+1 2
-1 1
+4 1
-13 5
+4 10
+4 1
-1 1
-58 5

fl=(27)
fn=(74)
53 16
+1 16
+1 16
+1 16
+1 16
+2 16
+1 16
+1 14
+1 14
+15 2
+1 2
+1 2
+1 2
+1 2
+1 2
+1 2
+1 2
+1 2
+1 2
+1 2
+1 2
+1 2
+1 4
+3 2
+1 2
+1 2
+1 2
+1 2
+1 2
+1 2
-6 34
+1 34
+1 34
+1 34
+1 34
+1 34
+1 34
+1 2
+3 14
+1 14
+1 14
+1 6
+1 6
+1 2
+1 2
+3 2
+1 2
+1 2
+1 2
+2 4
+1 4
+1 4
+2 8
+1 8
+1 8

fl=(77)
fn=(300)
66 40
+5 40
-5 20
+3 40
+3 20
-1 40
-3 20
+5 120
+1 20
-1 20
+1 40
+5 40
+4 40
+4 60
+4 20
+1 100
+2 80
+7 40
-1 20
+1 20
+10 180
cfi=(6)
cfn=(170) _dl_lookup_symbol_x
calls=20 806 
* 17002
* 20
+4 100
+10 120
+16 20
-8 20
+8 60
+4 60
fi=(5)
+90 20
fe=(77)
-86 60
fi=(106) /build/glibc-9tT8Do/glibc-2.23/elf/../sysdeps/x86_64/dl-irel.h
32 4
cob=(3)
cfi=(52) ???
cfn=(196) memcpy@GLIBC_2.2.5
calls=1 -32 
* 18
cob=(3)
cfi=(130) /build/glibc-9tT8Do/glibc-2.23/string/../sysdeps/x86_64/multiarch/memset.S
cfn=(534) memset
calls=1 -4 
* 5
cob=(3)
cfi=(109) /build/glibc-9tT8Do/glibc-2.23/string/../sysdeps/x86_64/multiarch/strchr.S
cfn=(432) index
calls=1 -4 
* 5
cob=(3)
cfi=(107) /build/glibc-9tT8Do/glibc-2.23/string/../sysdeps/x86_64/multiarch/strcpy.S
cfn=(422) strcpy
calls=1 +32 
* 5
* 4
fe=(77)

fl=(44)
fn=(164)
149 50
+15 5
-15 10
+15 5
+1 30
+6 10
+6 15
-18 10
+22 10
+7 5
-32 5
+32 5
+44 5
fi=(5)
76 15
fe=(44)
232 10
fi=(5)
76 15
+6 8
+4 12
+14 4
-8 4
+10 4
-2 8
+20 8
+9 3
fe=(44)
258 206
-98 24
fi=(5)
301 32
fe=(44)
-43 4
fi=(4)
58 4
-10 4
-1 8
+11 4
-11 4
+11 4
fe=(44)
258 1
-98 6
fi=(5)
301 8
fe=(44)
-43 1
fi=(4)
58 1
-10 1
-1 2
+11 1
-11 1
+11 1
fe=(44)
258 5
fi=(4)
58 5
-10 5
-1 10
+11 5
-11 5
+11 5
+3 20
fi=(5)
528 70
+4 70
+2 105
+1 35
fi=(4)
61 165
+2 228
+2 70
-4 6
+13 8
+1 10
+1 44
fi=(5)
528 22
+26 22
fi=(4)
75 22
fi=(5)
554 44
cob=(4)
cfi=(59)
cfn=(226)
calls=1 0 
* 8
cob=(4)
cfi=(59)
cfn=(224)
calls=1 0 
* 8
cob=(4)
cfi=(61)
cfn=(222)
calls=1 16 
* 5
cob=(4)
cfi=(63)
cfn=(220)
calls=1 25 
* 5
cob=(4)
cfi=(62)
cfn=(218)
calls=1 25 
* 5
cob=(4)
cfi=(61)
cfn=(216)
calls=1 10 
* 5
cob=(4)
cfi=(60)
cfn=(214)
calls=1 25 
* 5
cob=(4)
cfi=(59)
cfn=(212)
calls=1 0 
* 8
cob=(4)
cfi=(58)
cfn=(210)
calls=1 8 
* 5
cob=(4)
cfi=(57)
cfn=(208)
calls=1 25 
* 5
cob=(4)
cfi=(56)
cfn=(206)
calls=1 25 
* 5
cob=(4)
cfi=(55)
cfn=(204)
calls=1 25 
* 5
cob=(4)
cfi=(54)
cfn=(202)
calls=1 12 
* 8
cob=(4)
cfi=(53)
cfn=(200)
calls=1 9 
* 8
cob=(3)
cfi=(52)
cfn=(196)
calls=1 0 
* 18
cob=(3)
cfi=(51) /build/glibc-9tT8Do/glibc-2.23/time/../sysdeps/unix/sysv/linux/x86/gettimeofday.c
cfn=(192) gettimeofday
calls=1 37 
* 66
cob=(3)
cfi=(50) /build/glibc-9tT8Do/glibc-2.23/string/../sysdeps/x86_64/multiarch/strspn.S
cfn=(190) strspn
calls=1 30 
* 6
cob=(3)
cfi=(49) /build/glibc-9tT8Do/glibc-2.23/string/../sysdeps/x86_64/multiarch/strcspn.S
cfn=(188) strpbrk
calls=1 45 
* 6
cob=(3)
cfi=(45) /build/glibc-9tT8Do/glibc-2.23/string/../sysdeps/x86_64/multiarch/strcmp.S
cfn=(186) strncasecmp
calls=1 129 
* 5
cob=(3)
cfi=(49)
cfn=(184) strcspn
calls=1 45 
* 6
cob=(3)
cfi=(46) /build/glibc-9tT8Do/glibc-2.23/time/../sysdeps/unix/sysv/linux/x86/time.c
cfn=(178) time
calls=1 38 
* 66
cob=(3)
cfi=(45)
cfn=(176) strcasecmp
calls=1 109 
* 5
fi=(4)
75 22
fi=(5)
555 22
fi=(4)
75 28
fe=(44)
258 4
fi=(4)
75 16
fe=(44)
258 16
+3 20
+24 5
+3 10
+17 15
+2 40
fi=(4)
84 6
-1 6
+3 12
-3 6
+3 6
+12 18
+10 8
+3 11
fi=(5)
512 3
fi=(4)
112 6
fi=(5)
512 1198
fi=(4)
112 2384
fi=(5)
512 2384
+5 2390
+1 2390
fi=(4)
111 2390
fi=(5)
518 1195
fi=(4)
111 1195
+7 18
+6 5
-3 10
+3 13
fi=(5)
447 12
fi=(4)
127 412
+9 206
+3 103
-3 103
+3 103
fi=(5)
269 103
fi=(4)
138 103
-2 103
+1 412
fi=(5)
269 103
+21 206
+4 206
+7 2008
fi=(4)
137 86
fi=(5)
301 172
fi=(4)
137 86
fi=(5)
301 86
fi=(4)
137 86
fi=(5)
301 1376
cfi=(6)
cfn=(170)
calls=86 806 
* 53123
* 688
+2 267
+3 97
-3 194
+3 291
+6 618
fe=(44)
178 10
fi=(5)
435 264
fi=(4)
124 317
+19 8
fi=(5)
301 54
fi=(4)
108 3
fi=(5)
407 45
+4 75
+14 75
fe=(44)
313 25
+3 5
-3 10
+3 5
+4 10
+1 20
cfi=(38) /build/glibc-9tT8Do/glibc-2.23/misc/../sysdeps/unix/syscall-template.S
cfn=(124) mprotect
calls=5 84 
* 25
* 15
fi=(5)
123 20
+6 16
fe=(44)
258 3
fi=(4)
129 10
fi=(5)
301 87
fi=(4)
160 7
+2 20
+8 10
+1 5
-1 5
+1 5
fi=(5)
+98 5
fi=(4)
-99 15
fi=(5)
+99 5
+21 10
+4 10
+7 180
cfi=(6)
cfn=(170)
calls=5 806 
* 2629
* 35
+2 15
+3 1
-3 2
+3 3
+6 30
435 15
fi=(4)
160 17
+14 2
fi=(5)
301 6
fe=(44)

fl=(25)
fn=(70)
61 21
+4 21
+3 19
+1 19
+2 8
+1 8
+2 8
+1 8
+5 8
+1 8
-1 11
+1 11
+2 12
+1 12
+2 12
+1 12
+5 12
+1 12
-1 7
+1 7
+2 6
+1 6
+2 6
+1 6
+5 6
+1 6
-1 13
+1 13
+2 9
+1 9
+2 9
+1 18
+5 9
+1 9
-1 10
+1 12
+5 2
+1 2
+1 2
+1 2
+2 2
+2 2
+1 2
+2 2
+6 19
+4 19
+12 3
+2 3
+1 3
+26 3
+1 3
+3 3
+1 3
+1 3
+5 3
+2 3
+1 3
+1 3
+1 3
+2 3
+1 3
+1 3
+1 3
+2 3
+1 3
+2 3
+22 3
+2 3
+2 2
+7 2

fl=(6)
fn=(10)
956 15
+4 5
+4 10
+2 5
-1 5
+3 15
+1 5
+1 5
+3 5
-3 5
+7 5
-4 5
-1 5
+3 5
+2 5
-7 5
+7 5
+1 5

fn=(172) do_lookup_x
355 777
+1 111
-1 555
+48 111
-30 111
-11 111
+41 111
+7 222
-7 222
-30 444
+37 444
-44 222
+3 222
-3 690
+3 690
+4 912
+4 912
+4 912
+6 1368
+8 456
-4 456
+1 456
+3 912
+1 1368
+3 456
+1 912
+2 912
+8 456
-8 456
+8 4560
-99 355
553 2522
+1 176
cfi=(34) /build/glibc-9tT8Do/glibc-2.23/elf/dl-misc.c
cfn=(106) _dl_name_match_p
calls=88 288 
* 7860
* 264
+3 1065
+3 10
+1 888
-92 202
+50 748
+4 45
+12 202
+1 101
+1 202
413 648
+2 216
+2 1378
+13 312
-10 1025
+2 202
+1 505
-1 101
+1 707
-1 101
+1 303
cfn=(174) check_match
calls=101 92 
* 9115
+4 303
+34 10
+94 35
439 909

fn=(174)
92 808
+3 707
+12 606
+3 540
cfi=(19)
cfn=(54)
calls=34 +34 
* 1142
* 68
+5 101
-1 101
+1 101
+2 200
+19 200
+1 800
+46 101
-7 101
+7 505
-18 2
+2 1
+1 4
-1 5
-29 300
cfi=(19)
cfn=(54)
calls=100 +6 
* 2422
* 300

fn=(170)
806 1221
568 111
806 444
568 555
+1 111
-1 111
+1 333
-1 333
+1 1293
-1 1293
+1 3879
-1 4101
808 111
+4 111
+4 111
-8 111
+1 222
+7 311
+7 111
-2 111
+2 111
-2 111
+6 111
-7 111
+7 222
-7 666
+15 10
-8 50
+2 1554
cfn=(172)
calls=111 355 
* 51057
+3 333
+26 222
+22 101
+1 707
+31 101
+9 505
+14 303
+3 404
+5 101
+2 888
-85 70
+16 10
+1 20
+59 2

fl=(18)
fn=(46)
61 19
+2 19
+2 19
+3 17
+1 17
+2 6
+1 6
+2 6
+1 6
+5 6
+1 6
-1 11
+1 11
+2 7
+1 7
+2 7
+1 14
+5 7
+1 7
-1 10
+1 10
+2 4
+1 4
+2 4
+1 4
+5 4
+1 4
-1 13
+1 13
+2 12
+1 12
+2 12
+1 12
+5 12
+1 12
-1 5
+1 13
+5 8
+1 8
+1 8
+1 8
+2 8
+2 8
+1 8
+2 8
+8 17
+8 8
+6 8
+2 8
+1 8
+3 3
+1 9
+5 3
+1 3
+2 3
+2 3
+1 3
+2 3
-8 4
+1 4
+2 4
+2 4
+1 4
+2 10
+9 3
+1 3
-1 5
+1 5
+3 8
+1 8
+1 8
+5 6
+2 6
+1 6
+1 6
+1 6
+2 6
+1 6
+1 6
+1 6
+2 6
+1 6
+2 6
+22 8
+6 8
+1 8
+2 2

fl=(34)
fn=(106)
288 635
+1 254
cfi=(19)
cfn=(54)
calls=127 144 
* 4086
* 127
+1 127
-1 127
+3 127
+2 254
+4 127
-4 254
+1 405
cfi=(19)
cfn=(54)
calls=135 144 
* 4526
* 270
-5 8
+11 159
-1 119
+1 476

fn=(142) _dl_sysdep_read_whole_file
45 2
+7 1
-7 3
+7 1
-7 3
+7 1
cfi=(24)
cfn=(110)
calls=1 +32 
* 5
+1 2
+2 5
cfi=(36)
cfn=(120)
calls=1 -21 
* 10
* 2
+2 1
+3 1
-3 1
+3 1
+13 2
cfi=(24)
cfn=(130)
calls=1 +11 
* 5
+3 7
-14 6
cfi=(26)
cfn=(72)
calls=1 -29 
* 33
* 2

fl=(14)
fn=(30)
24 18
+1 18
+1 18
+1 18
+1 18
+1 18
+1 18
+1 18
+3 18
+1 18
+1 6
+1 6
+1 6
+1 6
+1 6
+1 6
+1 6
+2 17
+1 17
+1 5
+1 5
+1 5
+1 5
+1 5
+1 5
+1 5
+2 17
+1 17
+1 6
+1 6
+1 6
+1 6
+1 2
+1 2
+1 2
+2 13
+1 13
+1 7
+1 7
+1 7
+1 7
+5 6
+1 6
+1 6
+1 6
+1 6
+1 6
+1 6
+1 3
+1 3
+1 3
+1 3
+1 3
+7 3
+2 4
+4 11
+1 11
+1 2
+1 2
+1 2
+1 2
+1 2
+1 2
+1 2
+1 2
+1 2
+1 2
+1 2
+4 12
+1 12

fl=(11)
fn=(22)
66 19
+1 19
+1 19
+1 19
+1 19
+1 19
+1 19
+2 19
+2 19
+30 18
+1 18
+1 18
+1 18
+1 18
+1 8
+1 8
+4 10
+1 10
+1 10
+1 10
+1 10
+1 10
+1 10
+1 10
+1 10
+1 10
+1 10
+1 10
+5 80
+4 1
+1 14
+1 8

fl=(42)
fn=(140) _dl_load_cache_lookup
185 18
+8 4
+3 6
+45 4
+6 4
+9 2
+6 4
-6 8
+6 2
cfi=(24)
cfn=(68)
calls=2 84 
* 18
+19 2
-19 2
+19 288
cfn=(144) _dl_cache_libcmp
calls=18 138 
* 1284
* 84
-15 8
+15 28
cfn=(144)
calls=2 138 
* 142
* 14
-82 4
cfi=(34)
cfn=(142)
calls=1 45 
* 94
+8 1
-8 1
+8 4
+1 4
cfi=(14)
cfn=(30)
calls=1 24 
* 38
* 2
+7 1
-3 1
+3 3
+3 1
+1 2
-1 1
+1 1
+1 4
cfi=(14)
cfn=(30)
calls=1 24 
* 32
* 2
+61 42
+16 4
+4 4
+8 6
cfi=(11)
cfn=(22)
calls=2 66 
* 68
* 4
+1 2
-1 8
+1 4
cfi=(18)
cfn=(46)
calls=2 61 
* 148
+1 4
cfi=(29) /build/glibc-9tT8Do/glibc-2.23/string/strdup.c
cfn=(82) strdup
calls=2 40 
* 218
+1 16
-31 18

fn=(144)
138 60
+1 44
+2 196
+2 98
-2 98
+2 4
+6 2
+2 2
-1 2
-1 2
+1 2
+1 8
+2 10
+2 4
+6 192
+2 348
+4 78
+1 78
-29 156
+32 6
-7 36

fn=(232)
322 4
-1 1
+3 2
cfi=(38)
cfn=(234) munmap
calls=1 84 
* 5
+1 1
+2 2

fl=(43)
fn=(156) match_symbol
76 88
+9 8
-8 8
-1 16
+1 8
+8 8
+6 24
+15 8
+1 16
+2 8
+5 16
+14 104
+12 132
+4 44
-30 88
+19 40
cfi=(19)
cfn=(54)
calls=8 +11 
* 192
* 16
+35 64

fn=(154) _dl_check_map_versions
189 15
-15 45
+17 5
+3 15
-3 5
+2 5
+1 5
+2 5
-3 5
+3 5
+3 6
+4 3
-4 3
+4 12
+17 3
56 6
220 3
56 15
220 2
56 4
220 2
56 10
+1 16
-1 32
+2 63
cfi=(34)
cfn=(106)
calls=21 288 
* 2060
* 47
228 15
+5 40
+19 3
-15 115
cfn=(156)
calls=3 76 
* 273
* 20
cfn=(156)
calls=5 76 
* 615
* 8
+7 48
+3 24
+9 30
+5 6
+1 2
+8 6
+3 12
+10 33
-7 132
+3 99
-3 12
+3 9
+8 12
+87 8
-81 16
cfi=(17)
cfn=(36)
calls=4 103 
* 152
* 4
+1 4
-2 4
+2 4
+11 4
+2 4
-5 4
+3 4
+2 4
-2 4
+2 4
+3 12
+4 15
+18 3
-15 9
+2 9
-2 15
+2 15
+2 8
+1 8
-1 16
+1 8
-1 8
+1 8
+1 8
-2 8
+2 16
+1 24
+3 24
+8 15
+5 2
+1 2
+4 12
+3 12
+20 33
-14 72
-2 33
+7 66
+1 33
-1 99
+1 33
-1 33
+1 33
+1 33
+3 108
+10 36
183 2
-8 2
+95 4
-80 2

fn=(152)
380 5
+4 7
+2 35
cfn=(154)
calls=5 189 
* 5010
-2 5
+2 15
-1 5
-1 10
+5 7

fl=(38)
fn=(124)
84 32
+1 8

fn=(234)
84 4
+1 1

fl=(23) /build/glibc-9tT8Do/glibc-2.23/elf/dl-hwcaps.c
fn=(66) _dl_important_hwcaps
39 6
+3 1
-3 2
+3 1
-1 1
+1 1
+9 1
-12 4
+12 2
+10 4
162 2
-47 3
cfi=(24)
cfn=(68)
calls=1 -31 
* 9
* 2
+55 3
+2 2
+1 5
+4 2
+4 1
-4 1
+1 1
+3 1
+3 1
+1 1
-1 1
+4 3
+1 1
-1 9
+1 1
+18 10
+1 2
-1 1
+1 3
cfi=(17)
cfn=(40)
calls=1 94 
* 29
* 1
+1 1
-1 1
+1 5
+29 1
+3 1
-3 2
+3 1
+23 7
+6 2
-1 2
+1 6
-1 8
+5 6
+3 1
-3 1
+3 1
-3 3
+3 1
-3 1
+3 5
+1 12
+1 4
-1 4
+1 8
-2 4
+1 8
-1 14
+4 4
+4 1
-1 1
+2 1
-2 1
+1 1
+1 1
-2 1
+2 10
+13 2
+1 1
-1 1
+3 2
-3 2
+1 1
-1 1
+3 2
+3 4
+3 1
-1 1
+1 9
113 1
+17 1
+1 1
-1 9
243 6
cfi=(25)
cfn=(70)
calls=1 61 
* 22
* 4
cfi=(25)
cfn=(70)
calls=1 61 
* 18
+1 4
cfi=(25)
cfn=(70)
calls=1 61 
* 22
* 4
cfi=(25)
cfn=(70)
calls=1 61 
* 18
* 12

fl=(9)
fn=(60)
45 7
+2 3
+85 8
-45 3
cfi=(21) /build/glibc-9tT8Do/glibc-2.23/posix/../sysdeps/unix/syscall-template.S
cfn=(62) uname
calls=1 -3 
* 5
* 1
+15 1
-15 1
+20 1
-1 1
+3 12
+4 3
-2 6
+2 9
+7 3
-1 3
+4 3
-2 3
+2 10
+5 2

fl=(19)
fn=(54)
144 411
+1 411
+2 411
+1 411
+21 411
+1 411
+1 314
+1 314
+1 308
+1 308
+1 308
+1 308
+21 308
+1 308
+1 308
+1 308
+1 308
+1 308
+1 308
+5 6
+1 6
+9 6
+1 6
+1 6
+1 6
+1 6
+1 6
+1 6
+1 6
-7 103
+1 103
+1 103
+1 103
+1 103
+1 103
+1 103
+1 103
+1 107
+1 71
+1 71
+1 71
+2 71
+1 71
+1 71
+1 71
+1 71
+1 71
-5 36
+1 36
+1 36
+1 36
+1 36
+1 36
+10 2
+1 2
+1 2
+2 2
+6 2
+1 2
+1 2
+1 2
+1 2
+5 2
+2 1
+1 1
+1 2
+8 1
+1 1
+3 1
+1 1
+1 1
+1 1
+1 1
+1 1
1196 4
+1 4
+1 4
+1 4
+1 4
+2 4
+1 4
+1 4
+1 4
+1 4
+1 4
+1 4
1321 28
+1 28
+1 28
+1 28
+1 28
+2 28
+1 28
+1 28
+1 28
+1 28
+1 28
+1 28
1446 11
+1 11
+1 11
+1 11
+1 11
+2 11
+1 11
+1 11
+1 11
+1 11
+1 11
+1 11
1571 38
+1 38
+1 38
+1 38
+1 38
+2 38
+1 38
+1 38
+1 38
+1 38
+1 38
+1 38
+1 1
+4 1
+1 1
+1 1
+6 1
+1 1
+1 2
+4 1
+1 1
+3 1
+1 1
+1 1
+3 1
+1 1
+1 1
+6 1
+1 1
+1 1
+1 1
+1 1
+1 1
+72 18
+1 18
+1 18
+1 18
+1 18
+2 18
+1 18
+1 18
+1 18
+1 18
+1 18
+1 18
+1 1
+4 1
+1 1
+1 1
+6 1
+1 1
+1 2
+4 1
+1 1
+3 1
+1 1
+1 1
+3 1
+1 1
+1 1
+6 1
+1 1
+1 1
+1 1
+1 1
+1 1
+72 4
+1 4
+1 4
+1 4
+1 4
+2 4
+1 4
+1 4
+1 4
+1 4
+1 4
+1 4
+1 3
+4 3
+1 3
+1 3
+6 3
+1 3
+1 6
+4 3
+1 3
+3 3
+1 3
+1 3
+3 3
+1 3
+1 3
+6 3
+1 3
+1 3
+1 3
+1 3
+1 3
+72 4
+1 4
+1 4
+1 4
+1 4
+2 4
+1 4
+1 4
+1 4
+1 4
+1 4
+1 4
+1 4
+4 4
+1 4
+1 4
+6 4
+1 4
+1 8
+4 4
+1 4
+3 4
+1 4
+1 4
+3 4
+1 4
+1 4
+6 4
+1 4
+1 4
+1 4
+1 4
+1 4
2200 10
+2 10
+1 10
+1 10
+1 10
-3 99
+1 99
+1 99
+1 99
+1 213
+5 71
+6 71
+1 71
+8 71
+1 71
-16 340
+6 340
+1 340
+8 340
+1 340

fl=(7)
fn=(12)
86 8
+25 1
-1 1
+1 207
+6 1
-3 1
+1 1
-4 1
+3 1
+3 4
+1 2
-1 25
+1 105
-1 102
+62 1
+1 1
-1 1
+1 1
-29 1
+1 2
+11 1
+1 1
-1 1
+1 1
-7 1
+1 1
-1 1
+1 1
-4 1
+1 2
-25 1
+1 2
-4 1
+1 2
-7 1
+1 1
+2 1
+1 1
fi=(9)
-90 2
cfi=(10) /build/glibc-9tT8Do/glibc-2.23/elf/../sysdeps/unix/sysv/linux/x86_64/brk.c
cfn=(18) brk
calls=1 -4 
* 11
fi=(5)
223 5
fi=(8) /build/glibc-9tT8Do/glibc-2.23/elf/../sysdeps/x86/cpu-features.c
61 2
+3 1
-3 1
+3 9
175 3
+1 1
+3 2
+1 1
+2 2
+1 7
+7 3
+4 2
+2 4
+51 2
fe=(7)
-16 1
fi=(8)
+27 1
+1 1
+1 1
fe=(7)
-29 1
+1 1
cfi=(11)
cfn=(22)
calls=1 66 
* 32
* 1
+2 2
cfi=(12)
cfn=(24)
calls=1 34 
* 17
* 3
+12 3
+3 5
cfi=(2)
cfn=(26)
calls=1 738 
* 109323
+1 1
+1 8
fi=(8)
-4 2
+1 4
+1 4
-49 2
+1 1
+6 3
+5 3
+16 2
+3 2
29 2
+4 1
-4 1
+5 1
-1 1
+2 1
-1 1
+1 1
-2 1
+1 1
+1 1
+1 1
-7 2
+3 1
+4 1
+5 1
+32 2
-32 1
+27 1
+5 1
+3 1
+1 8
+57 2
-66 2
+44 2
250 2
+1 4
fe=(7)

fn=(230)
256 1

fl=(28) /build/glibc-9tT8Do/glibc-2.23/string/../sysdeps/x86_64/multiarch/../strchr.S
fn=(76) index
24 11
+1 11
+1 11
+1 11
+1 11
+1 11
+1 11
+1 11
+1 11
+1 11
+1 11
+1 11
+1 11
+1 11
+1 11
+1 11
+1 11
+1 8
+4 8
+1 8
+1 8
+1 8
+2 8
+4 3
+1 3
+1 3
+1 3
+1 3
+1 3
+1 3
+1 3
+1 3
+1 3
+1 3
+1 3
+1 3
+1 3
+1 3
+1 3
+1 3
+1 3
+1 3
+1 3
+1 3
+1 3
+1 3
+1 3
+52 3
+4 3
+1 3
+1 3
+1 3
+2 3

fl=(10)
fn=(18)
31 7
+8 1
-6 2
+7 1

fl=(1) ???
fn=(0) 0x0000000000000cc0
0 2
cfi=(2)
cfn=(2)
calls=1 337 
0 110662
0 14
cfi=(64)
cfn=(238)
calls=1 80 
0 1697
0 3
cob=(6)
cfi=(75)
cfn=(290)
calls=1 0 
0 134239733399

fl=(40)
fn=(132)
161 1
-1 1
+1 1
-1 4
+1 1
-1 2
+1 1
-1 2
+1 1
-1 2
+1 3
-15 1
+15 1
-17 1
+1 1
+1 1
+6 4
+26 1
-26 1
+26 7
-34 1
+2 1
+33 2
-33 1
-2 1
+2 2
-2 1
+1 1
+1 1
+6 3
+26 1
-26 1
+26 5
+4 1
+21 1
+1 1
-22 2
+19 1
-12 1
+15 1
-16 2
+13 1
317 9
217 1
-4 1
-4 1
+8 5
-4 4
-4 4
+8 4
+12 10
+2 3
+11 3
-5 3
-6 6
+5 3
+2 6
+1 6
+3 21
+50 15
+1 9
-51 312
+1 156
+6 25
cfi=(28)
cfn=(76)
calls=5 24 
* 163
* 10
+5 25
-3 5
+3 5
cfi=(32)
cfn=(96)
calls=5 -91 
* 10902
+2 15
+15 5
+2 10
+5 3
+6 3
+2 3
-8 6
+3 3
+1 3
+1 3
+1 3
+4 18
+7 219
459 15
+2 9
+2 9
cfi=(17)
cfn=(40)
calls=3 94 
* 87
* 3
+2 3
-2 3
+2 3
+4 12
-1 3
+1 3
cfi=(18)
cfn=(46)
calls=3 61 
* 68
+1 15
cfi=(18)
cfn=(46)
calls=3 61 
* 68
+4 3
-1 3
+5 28
+7 6
+1 1
+3 5
+10 4
cfi=(17)
cfn=(40)
calls=1 94 
* 29
* 1
+3 1
-3 1
+3 1
+5 6
+1 1
-1 3
+1 2
+8 2
+4 3
-4 1
-6 3
-2 4
+8 8
+4 12
-4 4
-6 12
+13 3
+51 3
+2 3
+42 1
-4 1
+5 2
-1 4
+1 2
cfi=(27)
cfn=(74)
calls=1 53 
* 15
* 1
-2 9
+7 1
-1 1
+1 1
-1 2
+7 1
-7 1
+7 2
-13 3
+7 3
-1 3
+1 3
-1 6
+7 3
-7 3
+7 9
+2 12
+1 6
-1 12
+1 9
+2 30
+1 21
+28 27
cfi=(27)
cfn=(74)
calls=3 53 
* 54
* 15
-6 6
-28 12
+31 14
-6 2
+16 2
+2 1
+1 1
-1 1
+2 3
+7 3
+3 3
+3 8
481 12
-1 5
+1 11
202 2
+27 8
-19 4
+8 32
+2 3
+2 12
+2 30
338 8
611 8
cfi=(18)
cfn=(46)
calls=1 61 
* 42
+2 1
-38 1
+38 1
209 2

fn=(134)
60 10
+7 5
-4 55
cfi=(22)
cfn=(104)
calls=5 2167 
* 10507
* 5
+5 10

fl=(21)
fn=(62)
84 4
+1 1

fl=(22)
fn=(136) open_path
2018 16
+1 2
+6 2
-6 2
+6 2
+5 18
+52 2
-59 2
-1 2
+60 2
-52 16
+74 8
-62 2
-9 2
+9 2
+7 8
cfi=(25)
cfn=(70)
calls=2 61 
* 62
+1 2
-1 2
+1 10
+20 8
-20 31
+3 16
+5 10
-1 5
+1 10
-1 15
cfi=(25)
cfn=(70)
calls=5 61 
* 99
* 20
cfi=(25)
cfn=(70)
calls=5 61 
* 115
-1 5
+7 5
-7 5
+7 5
+3 45
cfn=(108) open_verify.constprop.7
calls=5 1695 
* 220
* 5
+2 25
+26 4
+2 2
+39 14
+7 2
-2 2
+2 6
+3 6
+14 2
-27 2
+27 14
-84 8
+1 36
+6 4
+2 4
-2 4
+2 8
-2 4
+2 4
cfi=(41)
cfn=(138)
calls=4 34 
* 49
* 8
+1 1
+2 1
-2 1
+2 7
+7 3
-7 3
+7 9
-30 3
+23 6

fn=(64)
661 1
+13 2
-13 8
+13 3
cfi=(23)
cfn=(66)
calls=1 39 
* 398
+5 1
-5 1
+5 1
cfi=(17)
cfn=(40)
calls=1 94 
* 29
* 1
+1 1
-2 1
+2 2
+8 1
-1 1
+1 2
-1 1
+1 1
-1 3
+5 1
-5 1
+5 1
cfi=(17)
cfn=(40)
calls=1 94 
* 80
* 1
+2 1
-3 1
+3 1
+17 1
+12 1
-9 2
+6 1
-19 1
+10 1
+12 1
-11 1
+2 1
+1 4
-15 1
+23 4
-3 21
cfi=(27)
cfn=(74)
calls=4 53 
* 60
* 4
+3 27
-14 3
+2 3
+1 3
+2 6
-3 3
+4 9
+4 3
-3 3
+3 3
+1 3
-4 9
+4 3
+10 1
+4 1
-11 1
+6 1
+6 1
-12 1
+12 1
+2 4
+2 3
+38 5
+8 3
cfi=(28)
cfn=(76)
calls=1 24 
* 23
* 2
+2 2
cfi=(11)
cfn=(22)
calls=1 66 
* 16
* 8
cfi=(18)
cfn=(46)
calls=1 61 
* 31
* 1
+4 6
+17 1
-4 4
-13 52
+17 13
-4 53
+8 1
cfi=(17)
cfn=(40)
calls=1 94 
* 29
* 1
+1 1
-2 1
+2 1
+6 9
cfn=(78) fillin_rpath
calls=1 433 
* 605
+4 5
+6 1
+4 8
-75 1
-2 1
+2 2
+14 2

fn=(104)
2167 42
+8 6
-8 12
+8 6
+1 24
+3 93
+5 126
+2 54
cfi=(34)
cfn=(106)
calls=18 288 
* 2161
* 36
+4 30
+1 45
+3 6
+2 24
cfi=(19)
cfn=(54)
calls=6 144 
* 144
* 12
2478 48
2213 15
+9 3
-53 3
+53 6
+36 6
-2 3
+2 3
cfi=(28)
cfn=(76)
calls=3 24 
* 69
* 6
2409 2
372 3
cfi=(28)
cfn=(76)
calls=1 24 
* 47
* 2
+4 2
cfi=(29)
cfn=(82)
calls=1 40 
* 128
2410 1
-3 1
+3 2
+4 9
cfn=(108)
calls=1 1695 
* 299
+3 1
-3 1
+3 3
+12 3
+46 1
+1 3
-1 1
+1 9
cfn=(114) _dl_map_object_from_fd
calls=1 871 
* 1444
-1 2
+1 6
-1 2
+1 18
cfn=(114)
calls=2 871 
* 3211
* 12
2262 4
cfi=(11)
cfn=(22)
calls=2 66 
* 32
* 2
+2 2
-2 2
+2 2
+7 8
+35 4
+1 28
cfn=(136)
calls=2 2018 
* 1025
+6 4
-6 2
+6 6
638 2
2314 2
638 4
2401 4
+28 6
+2 8
2275 2
+5 2
-5 2
+5 2
+3 4
-3 2
+3 14
-3 6
638 2
2281 2
638 4
2336 2
-14 2
+14 2
+2 6
+4 4
cfi=(42)
cfn=(140)
calls=2 185 
* 2664
+2 2
-2 2
+2 2
+4 4
+8 6
+23 20
cfn=(108)
calls=2 1695 
* 720
+4 2
-4 2
+4 6
+1 4
-89 6
+1 16
638 2
2297 2
638 4

fn=(108)
1695 88
+39 8
-39 24
+39 30
+31 32
cfi=(24)
cfn=(110)
calls=8 84 
* 60
+2 8
-2 8
+2 11
+10 3
+1 6
+5 24
cfi=(24)
cfn=(112)
calls=3 84 
* 15
+2 6
+2 3
+2 3
-2 6
+2 3
+6 6
+16 12
cfi=(14)
cfn=(30)
calls=3 24 
* 90
* 27
cfi=(14)
cfn=(30)
calls=3 24 
* 108
* 6
+74 6
+5 6
+2 12
+6 6
+11 6
+6 3
+1 3
-1 12
+1 3
-1 3
+1 6
+1 9
+20 135
+2 49
+4 12
+1 9
+12 21
+4 9
+5 2
+1 2
-13 8
cfi=(14)
cfn=(30)
calls=2 24 
* 50
* 12
cfi=(14)
cfn=(30)
calls=3 24 
* 90
* 10
+16 4
+3 14
+3 6
+1 10
-39 3
+67 29
-23 5
+23 35
1804 2
+7 8
cfi=(14)
cfn=(30)
calls=2 24 
* 48
* 4

fn=(78)
433 8
+2 1
-2 9
+5 1
cfi=(17)
cfn=(80)
calls=1 -84 
* 238
* 4
-66 3
cfi=(28)
cfn=(76)
calls=1 24 
* 23
* 2
+4 2
cfi=(29)
cfn=(82)
calls=1 40 
* 94
* 1
+68 2
cfi=(11)
cfn=(22)
calls=1 66 
* 16
+4 1
-4 1
+4 1
+22 15
+1 8
+55 2
+2 2
cob=(2)
cfi=(16)
cfn=(84)
calls=1 0 
* 7
* 2
-90 1
cfi=(17)
cfn=(80)
calls=1 -84 
* 6
* 3
+94 1
+3 9
-46 2
+4 2
-1 4
cfi=(17)
cfn=(40)
calls=1 94 
* 29
* 1
+3 1
-3 1
+3 2
+5 1
+1 2
-2 1
+2 1
cfi=(25)
cfn=(70)
calls=1 61 
* 31
+3 1
-3 1
+1 1
+2 1
+6 2
+1 1
-1 2
+1 13
+1 11
-1 2
+3 2
+1 3
+7 1
+1 1
-1 2
-67 6
+8 1
-3 3
+3 2
+26 2
-34 2
+65 2
-9 2

fn=(114)
871 33
+10 3
-10 3
+10 3
-10 9
+10 3
cfi=(30)
cfn=(88)
calls=3 50 
* 24
fi=(35) /build/glibc-9tT8Do/glibc-2.23/elf/../sysdeps/posix/dl-fileid.h
37 9
fe=(22)
881 3
fi=(35)
37 3
cfi=(36)
cfn=(120)
calls=3 -3 
* 30
* 6
+4 3
fe=(22)
897 3
fi=(35)
40 3
+1 3
fe=(22)
897 48
+1 18
fi=(35)
49 24
fe=(22)
1443 24
915 6
+24 6
+10 6
+22 12
+32 6
882 3
1006 21
cfi=(15)
cfn=(32)
calls=3 61 
* 1227
+1 3
-1 3
+1 3
+11 6
+1 3
-1 3
+2 3
-1 3
+4 3
-1 6
-2 3
+2 6
+1 9
+1 3
+19 3
-2 3
+10 3
-8 18
+8 3
-8 9
+8 3
+87 3
+8 3
-8 12
+8 3
-8 9
-86 45
-1 192
+1 135
+6 6
+1 9
+1 3
+9 30
+5 48
+9 18
-1 18
+1 6
+1 12
+2 6
-2 6
+1 6
-1 6
+3 6
+4 6
-7 6
+2 6
+1 6
+4 6
+1 18
+4 9
-14 3
+14 18
+11 3
-11 9
-14 3
+14 18
+11 3
-44 2
+1 1
+46 3
+4 1
+1 1
+1 1
-1 2
+1 1
+3 3
+1 1
+3 1
-3 1
+7 4
+6 1
cfi=(31)
cfn=(146)
calls=1 49 
* 8
* 2
+1 1
+59 6
+1 9
+1 3
-6 6
+1 3
+8 9
1019 3
1207 3
1019 3
1207 3
+10 9
fi=(37) /build/glibc-9tT8Do/glibc-2.23/elf/./dl-map-segments.h
56 6
fe=(22)
1217 9
fi=(37)
56 3
fe=(22)
1217 3
fi=(37)
56 3
fe=(22)
1217 6
fi=(37)
56 18
cfi=(26)
cfn=(72)
calls=3 -23 
* 105
+4 3
-4 3
+4 6
+3 6
+1 3
+2 3
-2 3
-1 3
+3 3
+10 6
fi=(39) /build/glibc-9tT8Do/glibc-2.23/elf/./dl-load.h
+14 12
+1 9
+2 12
fi=(37)
+7 24
+6 3
+2 3
-2 3
+1 3
+2 3
-1 3
+1 3
-1 9
+8 6
+17 6
+12 6
-59 30
+2 6
+2 3
-2 6
+2 30
cfi=(26)
cfn=(72)
calls=3 -57 
* 93
* 9
fe=(22)
1229 12
+9 6
fi=(3)
39 3
fe=(22)
1238 3
fi=(3)
39 3
+6 3
-2 3
+2 6
+15 3
+5 3
+3 3
-1 3
-3 3
-3 62
+10 14
-26 42
+16 57
+10 57
-26 171
+26 3
-26 9
+2 148
+13 68
+2 12
+3 12
+13 6
+20 11
+1 12
+1 12
+1 12
+2 12
+5 12
+1 11
+1 12
+6 9
+5 6
+7 6
+1 9
+16 9
+5 2
+2 2
-2 2
+2 2
+2 4
+2 4
+3 9
+10 1
-8 4
+8 1
+5 2
+3 6
fe=(22)
1245 6
+15 9
+19 6
+2 15
+54 9
+1 2
+3 2
cfi=(24)
cfn=(130)
calls=1 84 
* 5
* 4
cfi=(24)
cfn=(130)
calls=2 84 
* 10
* 6
+9 6
+2 9
+2 3
-2 3
+2 3
+16 6
cfi=(6)
cfn=(10)
calls=3 956 
* 69
+4 6
+1 6
+17 6
+9 3
-5 9
+5 3
+10 6
+10 9
cfi=(15)
cfn=(48)
calls=3 32 
* 129
+4 12
fi=(3)
68 12
+2 15
fe=(22)
1391 2
fi=(37)
119 6
+8 24
cfi=(27)
cfn=(74)
calls=3 -74 
* 298
* 12
-54 12
-1 18
cfi=(38)
cfn=(124)
calls=3 +12 
* 15
* 3
fi=(39)
+22 10
+1 22
+3 8
fi=(37)
+39 9
cfi=(26)
cfn=(72)
calls=1 33 
* 31
+3 3
fe=(22)
1233 4

fl=(29)
fn=(82)
40 16
+1 4
cfi=(11)
cfn=(22)
calls=4 +25 
* 118
* 4
+1 8
cfi=(17)
cfn=(40)
calls=4 +52 
* 116
* 4
+2 8
+4 4
-1 8
+1 8
-1 8
cfi=(18)
cfn=(46)
calls=4 +14 
* 134

ob=(3)
fl=(72)
fn=(266)
482 2
+12 1
-12 3
+12 3
+2 4
cfn=(268) handle_intel
calls=1 262 
* 454
+4 2
-4 1
+4 1
cfn=(268)
calls=1 262 
* 546
+2 1
-2 1
-1 1
+3 1
+9 2
+2 1
+1 1
+2 1
+5 2
+9 4
-9 4
+9 16
-9 12
+6 8
+69 4
+1 5
+55 2
+2 1
+1 1
+2 1
-3 1
+5 1
-5 1
+4 3
+4 2
+2 1
+1 1
+2 1
-3 1
+5 1
-5 1
+4 2
+3 1
-3 1
+3 5
532 1
+32 1
-26 6
+7 5
+2 1
+1 1
+1 2
-4 4
+2 1
+1 1
+1 6
+2 2
-6 2
+6 2
+5 1
+2 2
+1 1
-1 1
+1 3
+6 1
-1 1
+1 5

fn=(268)
262 4
-1 4
+17 2
-17 12
+14 2
+1 4
-3 6
+23 8
cfn=(270) intel_check_word
calls=2 133 
* 664
+1 4
+3 10
cfn=(270)
calls=2 133 
* 238
+1 4
-17 4
+5 2
-5 6
+5 2
+2 2
+1 2
-1 4
+27 16

fn=(270)
133 8
+6 4
-7 20
+7 16
-7 4
+7 4
+2 4
-2 4
+2 4
+68 8
+3 24
-69 4
+2 8
-2 6
+2 12
+8 20
+51 16
+22 8
fi=(73) /build/glibc-9tT8Do/glibc-2.23/string/../bits/stdlib-bsearch.h
27 8
+1 16
+3 16
+1 8
fe=(72)
+89 16
fi=(73)
-90 12
+1 6
fe=(72)
+89 12
+3 54
fi=(73)
-95 46
+2 46
-2 46
+2 80
+1 40
fe=(72)
+89 80
251 8
141 16
-6 2
256 24
fi=(73)
37 8
-8 18
fe=(72)
165 6
+3 6
+4 4
+2 4
+1 14
+2 7
-12 2
+12 2
+1 10
+1 10
+1 6
+17 3
-32 9
+3 9
+4 6
+2 6
+1 12
+2 12
+5 2
+2 4
+2 32

fl=(138) /build/glibc-9tT8Do/glibc-2.23/io/../sysdeps/unix/sysv/linux/wordsize-64/fxstat.c
fn=(584) _fxstat
34 3
-1 3
+1 3
+1 18
+4 3

fl=(90) /build/glibc-9tT8Do/glibc-2.23/stdlib/strtod.c
fn=(358) strtod
64 8
cfi=(91) /build/glibc-9tT8Do/glibc-2.23/stdlib/strtod_l.c
cfn=(360) ____strtod_l_internal
calls=2 481 
* 509

fl=(146) /build/glibc-9tT8Do/glibc-2.23/string/../sysdeps/x86_64/multiarch/../memcpy.S
fn=(616) __GI_memcpy
61 351867
+2 351867
+2 351867
+3 351867
+1 351867
+11 351867
+1 351867
+11 351867
+1 351867
+11 351867
+1 351867
+11 351867
+1 703734
+5 351867
+1 351867
+1 351867
+1 351867
+2 351867
+2 351867
+1 351867
+2 351867
+8 351867

fl=(108)
fn=(424)
47 1
+2 1
+5 1
+1 1
+1 1
295 1
+1 1
+1 1
+1 1
+1 1
+10 1
+1 1
+47 1
+1 4
545 1
+1 1
+9 1

fl=(118) /build/glibc-9tT8Do/glibc-2.23/libio/fileops.c
fn=(644) _IO_file_close
1250 10
+1 2

fn=(732) _IO_file_sync@@GLIBC_2.2.5
868 1
+5 1
-5 1
+5 3
+2 1
+1 2
+17 2
+4 2

fn=(582) _IO_file_stat
1229 3
+1 9
cfi=(138)
cfn=(584)
calls=3 34 
* 30

fn=(590) _IO_file_write@@GLIBC_2.2.5
1258 1313
-2 7878
+2 5252
+4 2626
+1 2626
+10 3939
+3 7878
-13 5252
cfi=(119) /build/glibc-9tT8Do/glibc-2.23/io/../sysdeps/unix/syscall-template.S
cfn=(592) write
calls=1313 84 
* 9191
+1 2626
+5 1313
+1 1313
-12 6565

fn=(652) _IO_file_finish@@GLIBC_2.2.5
200 2
+1 2
-1 2
+1 2
+6 4
+1 2
-1 2
cfi=(113) /build/glibc-9tT8Do/glibc-2.23/libio/genops.c
cfn=(654) _IO_default_finish
calls=2 639 
* 38

fn=(472) _IO_file_fopen@@GLIBC_2.2.5
249 14
+11 4
+2 10
+9 2
-2 2
+1 2
+17 24
+41 12
cfn=(474) _IO_file_open
calls=2 214 
* 90
+3 2
-3 2
+3 2
+17 6
cfi=(120) /build/glibc-9tT8Do/glibc-2.23/string/../string/strstr.c
cfn=(480) __GI_strstr
calls=2 53 
* 48
+1 2
-1 2
+1 2
+76 2
-76 2
+76 14

fn=(640) _IO_file_close_it@@GLIBC_2.2.5
160 6
-2 4
+9 2
-9 2
+5 10
+6 2
+3 2
-3 2
cfi=(113)
cfn=(642) _IO_unsave_markers
calls=2 1049 
* 14
+3 4
+4 6
+9 10
cfi=(113)
cfn=(450) _IO_setb
calls=2 380 
* 857
+1 4
+3 2
-3 2
+1 6
+2 2
cfi=(113)
cfn=(638) _IO_un_link
calls=2 60 
* 6
+5 4
-4 2
+1 2
+1 2
+2 2
+1 8
-23 6
cfn=(644)
calls=2 1250 
* 12
* 4
-7 14
cfn=(586) _IO_do_write@@GLIBC_2.2.5
calls=2 494 
* 192
* 4

fn=(468) _IO_file_init@@GLIBC_2.2.5
144 4
+4 2
-4 4
+5 2
-1 2
+3 2
cfi=(113)
cfn=(470) _IO_link_in
calls=2 -53 
* 162
+1 2
+1 8

fn=(574) _IO_file_xsputn@@GLIBC_2.2.5
1287 175811
-1 351622
-6 1466440
+13 586576
+17 583352
+1 145791
+3 583970
+5 586388
cfi=(140) /build/glibc-9tT8Do/glibc-2.23/string/../sysdeps/x86_64/memcpy.S
cfn=(598) __GI_mempcpy
calls=146597 61 
* 2643607
* 146597
+6 146597
-1 146597
+1 293194
+2 293194
+27 293288
+1 1202319
-24 235
cfn=(576) _IO_file_overflow@@GLIBC_2.2.5
calls=47 808 
* 6559
* 94
+6 96
+1 144
+2 144
+11 96
+1 188
cfi=(113)
cfn=(456) _IO_default_xsputn
calls=47 425 
* 2832
* 94
-57 2418
+1 1612
+3 2418
+2 40180
-2 28394
+39 192
-35 1
+11 5
+17 4
cfn=(576)
calls=1 808 
* 116
* 2

fn=(586)
494 3945
+1 2
-3 10504
+11 2626
+7 5252
+8 6565
cfn=(590)
calls=1313 1258 
* 57772
* 1313
+1 6565
+6 1313
-4 1313
+4 1313
-4 3939
+1 2626
+3 1820
-2 507
-29 2028
+1 3042
+28 806
-29 3224
+1 4836
+29 3133

fn=(728) _IO_file_setbuf@@GLIBC_2.2.5
450 2
+1 1
cfi=(113)
cfn=(730) _IO_default_setbuf
calls=1 +71 
* 51
* 2
+4 2
-1 2
+2 3
+2 1
+1 2

fn=(576)
808 4020
+7 1340
-8 6700
+8 6688
+35 2680
+3 2584
+3 3876
+1 3876
+1 4246
+4 1292
+1 5168
-45 6
+12 6
+9 12
+8 3
-4 3
+3 6
-2 6
-3 3
+1 6
+5 3
-1 3
+1 9
+1 2
+12 805
-1 3220
cfn=(586)
calls=805 494 
* 75670
* 1610
-5 3220
-3 96
+12 144
-12 48
cfn=(586)
calls=48 494 
* 4422
-31 6
cfi=(113)
cfn=(578) _IO_doallocbuf
calls=3 395 
* 1756
+1 18
+33 1380
cfn=(586)
calls=460 494 
* 44160
* 1380

fn=(474)
214 12
+3 4
+8 4
+3 4
+3 2
-3 2
-1 2
+1 4
+3 2
-3 2
+3 2
+10 4
cfi=(113)
cfn=(470)
calls=2 98 
* 8
+1 2
+1 8
-22 8
cfi=(119)
cfn=(476) open
calls=2 84 
* 14
* 6

fl=(52)
fn=(196)
0 36

fl=(84) /build/glibc-9tT8Do/glibc-2.23/rt/../sysdeps/unix/clock_gettime.c
fn=(338) clock_gettime
93 10
+22 12
cfi=(85) /build/glibc-9tT8Do/glibc-2.23/misc/../sysdeps/unix/syscall-template.S
cfn=(340) __syscall_clock_gettime
calls=2 -50 
* 6
* 4
+19 8

fl=(155)
fn=(662)
28 16
+4 1
+1 2
-1 5
+1 3
cfi=(115) /build/glibc-9tT8Do/glibc-2.23/stdio-common/vfprintf.c
cfn=(452) vfprintf
calls=1 1236 
* 3306
+4 2

fl=(86)
fn=(346)
26 1
+1 3
cfi=(87) /build/glibc-9tT8Do/glibc-2.23/stdlib/../stdlib/strtol.c
cfn=(348) strtol
calls=1 +79 
* 109
+1 2

fl=(109)
fn=(432)
28 1
+1 1
+1 1
+1 1
+2 1

fl=(130)
fn=(534)
28 1
+1 1
+1 1
+1 1
+9 1

fl=(71) /build/glibc-9tT8Do/glibc-2.23/ctype/ctype-info.c
fn=(264) __ctype_init
31 5
+2 1
+2 1
-4 1
+4 1
-4 1
+2 3
+2 3

fl=(48) /build/glibc-9tT8Do/glibc-2.23/elf/../sysdeps/unix/sysv/linux/dl-vdso.c
fn=(182) _dl_vdso_vsym
27 8
+4 8
-3 8

fl=(149) /build/glibc-9tT8Do/glibc-2.23/stdlib/divrem.c
fn=(624) __mpn_divrem
46 15412120
+3 3853030
+13 1926515
+1 1926515
-16 1926515
+18 3853030
+6 3853030
+1 6884700
+1 1515835
-1 3031670
+1 3031670
-1 3031670
+4 3853030
+3 1926515
234 1926515
81 1926515
234 13485605
67 76328
+1 152656

fl=(101) /build/glibc-9tT8Do/glibc-2.23/elf/dl-addr.c
fn=(394) _dl_addr
126 9
+5 1
-5 2
+5 2
cob=(1)
cfi=(2)
cfn=(50)
calls=1 688 
* 2
+2 2
cob=(1)
cfi=(76)
cfn=(299)
calls=1 -69 
* 1327
* 5
+2 2
30 1
+1 1
-1 1
+1 1
+3 2
+5 1
+6 1
-7 1
+2 2
+2 1
-2 1
+2 1
+3 1
+5 8
+2 1
+1 2
-1 1010
+1 2020
+2 3628
+9 2010
+7 24
-2 24
+2 2259
-2 2211
+2 5750
-10 11175
+2 8940
+1 14318
+7 1011
-21 2022
+49 3
+1 1
+1 3
+3 2
+37 2
cob=(1)
cfi=(2)
cfn=(52)
calls=1 694 
* 2
+3 9
-28 1
+1 1
+21 2

fl=(114) /build/glibc-9tT8Do/glibc-2.23/libio/strops.c
fn=(448) _IO_str_init_static_internal
36 8
+4 2
+6 5
cfi=(113)
cfn=(450)
calls=1 380 
* 18
+5 1
-3 1
+1 1
+1 1
+1 1
+2 1
+1 1
+1 1
+9 1
+1 6
-23 1
+1 4

fl=(115)
fn=(452)
1236 233360
+31 87510
+8 87512
+4 145850
+11 145850
+11 29170
fi=(142) /build/glibc-9tT8Do/glibc-2.23/stdio-common/printf-parse.h
108 87510
fe=(115)
1316 29170
-15 145850
fi=(142)
108 29170
cfi=(116) /build/glibc-9tT8Do/glibc-2.23/string/../sysdeps/x86_64/strchr.S
cfn=(454) strchrnul
calls=29170 -84 
* 583424
fe=(115)
1316 29170
fi=(142)
108 29170
fe=(115)
1312 29170
+4 58340
+4 233360
cfi=(118)
cfn=(574)
calls=29169 -33 
* 117643
cfi=(113)
cfn=(456)
calls=1 425 
* 78
* 116680
1685 145847
+1 2
+2 29170
+1 233360
1275 58336
+41 175014
+1 408366
1685 145845
+1 58338
1320 58340
+4 29170
-4 29170
+4 58340
+4 350040
1552 58340
-21 58340
1632 58340
-1 58340
1370 2187600
-7 145840
-1 145840
-3 145840
-1 145840
+8 145840
+4 145840
-3 145840
-10 145840
-1 145840
-1 145840
-1 145840
-1 145840
+14 145840
-15 145840
-1 145840
-1 145840
-1 145840
+18 291680
1649 145840
+2 291680
+8 145840
fi=(142)
108 291680
fe=(115)
1659 145840
fi=(142)
108 145840
fe=(115)
1659 145840
fi=(142)
108 291680
cfi=(116)
cfn=(454)
calls=145840 -84 
* 2916800
fe=(115)
1663 145840
-4 145840
+4 1604240
cfi=(118)
cfn=(574)
calls=145837 1287 
* 9486489
cfi=(113)
cfn=(456)
calls=3 425 
* 90
* 1895920
+2 320850
-61 16
-1 1
+1 2
+28 36
cfi=(113)
cfn=(456)
calls=3 425 
* 129
* 30
-44 437508
+44 66
-1 7583524
cfi=(143) /build/glibc-9tT8Do/glibc-2.23/stdio-common/printf_fp.c
cfn=(608) __printf_fp
calls=145837 1257 
* 412084368
* 3208414
+1 6
1523 437508
+1 437508
+26 145836
+14 145836
-14 291672
+38 2041704
-36 583344
cfi=(142)
cfn=(606) read_int
calls=145836 73 
* 1750032
* 145836
+4 583344
+9 729180
+67 27

fl=(137) /build/glibc-9tT8Do/glibc-2.23/libio/filedoalloc.c
fn=(580) _IO_file_doallocate
95 15
+15 18
cfi=(118)
cfn=(582)
calls=3 1229 
* 42
* 6
+2 12
+11 9
+4 6
cob=(2)
cfi=(16)
cfn=(466)
calls=3 0 
* 1486
* 3
+2 3
-1 6
+2 12
cfi=(113)
cfn=(450)
calls=3 380 
* 54
+1 3
+1 15
-15 1
-2 9
+5 2

fl=(153)
fn=(636)
39 6
+14 2
-14 2
+14 4
+9 8
cfi=(118)
cfn=(652)
calls=2 200 
* 54
+1 6
+18 12
+3 4
cob=(2)
cfi=(16)
cfn=(646)
calls=2 -84 
* 275
+4 10
-34 2
cfi=(113)
cfn=(638)
calls=2 +6 
* 176
+2 38
+1 4
+1 4
cfi=(118)
cfn=(640)
calls=2 160 
* 1195
* 6
fi=(139) /build/glibc-9tT8Do/glibc-2.23/libio/libioP.h
866 4
+1 18
fe=(153)
78 4

fl=(156) /build/glibc-9tT8Do/glibc-2.23/stdlib/exit.c
fn=(664) exit
104 1
-1 1
+1 2
cfn=(666) __run_exit_handlers
calls=1 -69 
* 1151

fn=(666)
35 8
+5 1
cfi=(157) /build/glibc-9tT8Do/glibc-2.23/stdlib/cxa_thread_atexit_impl.c
cfn=(668) __call_tls_dtors
calls=1 145 
* 11
* 1
+6 8
+4 6
+3 1
-1 1
+2 5
+33 1
+1 1
-1 1
+1 1
+6 2
+1 5
cfi=(113)
cfn=(724) _IO_cleanup
calls=1 948 
* 248
* 3
+2 2
cfi=(161) /build/glibc-9tT8Do/glibc-2.23/posix/../sysdeps/unix/sysv/linux/_exit.c
cfn=(734) _Exit
calls=1 -70 
* 5
-19 1
+4 1
-4 1
+2 1
+2 1
-2 2
+2 1
cob=(1)
cfi=(158)
cfn=(670)
calls=1 +48 
* 831
+1 1

fl=(92)
fn=(362)
66 146648
+1 146648
+1 146648
+1 146648
+1 146648
+1 146648
+1 146648
+2 146648
+2 146648
+30 146648
+1 146648
+1 146648
+1 146648
+1 146648
+1 145843
+1 145843
+4 805
+1 805
+1 805
+1 805
+1 805
+1 805
+1 805
+1 805
+1 805
+1 805
+1 805
+1 805
+5 6440

fl=(157)
fn=(668)
145 3
+1 4
+18 4

fl=(111)
fn=(440)
27 7
+4 1
+1 1
-1 5
+1 1
cfi=(112) /build/glibc-9tT8Do/glibc-2.23/libio/iovsprintf.c
cfn=(442) vsprintf
calls=1 * 
* 990
+4 2

fl=(110)
fn=(434)
24 1
+1 1
+1 1
+1 1
+1 1
+1 1
+1 1
+1 1
+1 1
+1 1
+1 1
+1 1
+1 1
+1 1
+1 1
+1 1
+1 1
+1 1
+4 1
+1 1
+1 1
+1 1
+2 1

fl=(80) /build/glibc-9tT8Do/glibc-2.23/setjmp/../sysdeps/x86_64/bsd-_setjmp.S
fn=(324) _setjmp
30 1
+2 1
cfi=(81) /build/glibc-9tT8Do/glibc-2.23/setjmp/../sysdeps/x86_64/setjmp.S
cfn=(326) __sigsetjmp
calls=1 -6 
* 28

fl=(136)
fn=(572)
33 3220
+2 805
cfi=(92)
cfn=(362)
calls=805 +31 
* 27370
+1 805
-1 805
+1 13685
+3 2416
+1 4
cfi=(118)
cfn=(574)
calls=1 1287 
* 1428
* 3216
cfi=(118)
cfn=(574)
calls=804 1287 
* 125607
* 1610
+1 3220
+1 3220
fi=(139)
866 1610
fe=(136)
38 1608
fi=(139)
867 6440
fe=(136)
46 4025
-5 1610
cfi=(113)
cfn=(588) __overflow
calls=805 230 
* 112700
* 1610

fl=(49)
fn=(188)
45 1
+1 1
+1 1
+1 1
+1 1
+1 1

fn=(184)
45 1
+1 1
+1 1
+1 1
+1 1
+1 1

fl=(83)
fn=(336)
25 2
+9 6
cfi=(84)
cfn=(338)
calls=2 +59 
* 40
* 6
+3 18
+2 6

fl=(97) /build/glibc-9tT8Do/glibc-2.23/stdlib/../sysdeps/ieee754/dbl-64/mpn2dbl.c
fn=(376) __mpn_construct_double
39 1
-6 3
+7 1
-7 1
+6 2
+1 3
+6 2
+1 1

fl=(98)
fn=(408) sysmalloc
2266 8
+20 1
+11 1
-11 1
+11 1
+1 5
fi=(100) /build/glibc-9tT8Do/glibc-2.23/malloc/arena.c
488 3
fe=(98)
2313 5
+65 1
+1 3
+10 1
-9 1
+9 5
+6 4
+3 3
2721 2
+1 1
+8 4
+5 1
-3 1
+3 1
-2 1
+2 3
+1 1
-1 1
-1 1
+4 1
-3 2
+1 1
+8 9
2461 1
-8 4
+8 1
+21 5
cfi=(103) /build/glibc-9tT8Do/glibc-2.23/malloc/morecore.c
cfn=(410) __default_morecore
calls=1 46 
* 62
* 1
+1 1
+3 4
+3 2
+1 2
+20 2
+26 2
+2 2
+6 1
-6 1
+6 1
2319 1
2462 1
+10 5
+8 1
-8 1
+8 1
+67 7
+37 2
+6 3
+19 1
+3 2
+1 5
+2 1
-2 1
+2 1
+1 3
cfi=(103)
cfn=(410)
calls=1 46 
* 25
+12 2
+8 1
+1 1
-1 2
+1 2
+39 1
+1 1
-2 1
+1 3
+12 1
-12 1
+1 1
+11 1
2537 5

fn=(404) _int_malloc
3347 361121514
-30 240747676
+30 120373838
-30 481495352
+30 361121514
-30 120373838
+30 361121514
+4 361121514
+14 240747676
+2 361121496
+2 120373832
-1 120373832
-1 120373832
+1 120373832
+5 240747664
+3 601869050
+1 120373810
-1 120373810
+1 240747620
+25 56
+2 75
+1 75
+2 25
-2 25
+2 50
+2 2
+37 24
+1 6
+1 8
cfn=(406) malloc_consolidate
calls=4 4142 
* 1473
3817 392
-2 28
+2 28
-2 28
+2 56
5000 28
3815 28
+2 28
5002 28
3817 28
5002 28
3817 84
5002 56
3817 112
5000 56
3467 56
+66 12
+1 18
+1 6
-1 12
+51 30
+7 6
-6 6
+1 6
+1 6
+1 6
+3 6
3467 102
+3 11
-1 11
+1 22
+1 22
+3 11
+10 38
+34 6
-5 6
+1 6
+4 6
+13 12
3380 601869050
1877 120373816
3768 120373816
1877 240747632
3831 1083364542
3485 14
+1 23
+5 5
-1 5
+5 5
-3 10
+1 5
+1 10
+1 5
+6 40
+2 15
+1 5
+3 5
1877 15
3601 46
+73 46
+1 46
+1 46
+1 46
+1 46
+5 62
+16 20
+2 40
-4 60
+8 10
+3 20
+2 4
+2 4
-1 4
-1 12
-27 4
+27 4
-27 4
+4 57
+3 68
-3 45
+3 56
-3 28
+3 36
3790 17
+3 17
-2 34
+2 34
+17 2
3603 9
+3 3
-3 3
+3 9
3446 3
1877 4
3446 2
3690 6
+2 4
+1 4
+24 18
+3 12
+5 6
-3 6
+3 6
-3 6
+3 54
+3 12
+3 2
-1 2
+1 6
+12 4
+1 8
-6 4
+17 4
-6 4
+1 4
+1 4
+1 4
+3 4
+1 4
+1 8
+5 32
+2 12
+1 8
+60 3
cfn=(408)
calls=1 2266 
* 249
+1 2
-28 16
-3 16
+1 16
+2 16
-1 16
+1 32
+2 16
-2 64
+2 16
+3 16
1877 48

fn=(386)
2900 361121514
+5 240747676
+1 240747676
+3 962990696
+2 361121511
cfn=(404)
calls=120373837 3347 
* 6981686169
+3 120373837
-3 120373837
+3 120373837
+8 481495348
+2 1324112207
+3 481495348
-18 722243022
-2 1
+20 3
-20 1
cfi=(99) /build/glibc-9tT8Do/glibc-2.23/malloc/hooks.c
cfn=(388) malloc_hook_ini
calls=1 29 
* 59342

fn=(406)
4142 10
-22 32
+23 12
+12 4
5000 4
4145 4
+11 4
-1 4
5002 4
-2 4
+2 20
4158 8
+1 8
-1 72
+1 93
+21 8
+1 80
+4 20
+4 20
-3 20
+1 20
+2 20
+5 20
+1 20
+1 20
-2 20
+12 20
-12 20
+3 40
+9 20
-41 22
-3 22
+3 44
+1 22
+1 44
+2 44
+1 9
+2 9
-1 9
+2 90
+3 44
+3 40
+4 24
+19 4
+4 2
-4 2
+1 4
+3 8
+3 8
-3 10
+3 152
+6 32
4994 4
1806 3
-3 2
+3 378
-3 252
+7 3
+5 1
+2 1
-2 2
-1 3

fn=(520) _int_free
3839 1083364533
+13 120373837
-13 120373837
+13 240747674
+6 481495348
+1 240747674
+11 481495348
+13 240747674
+11 481495332
+1 361121499
1884 120373833
3919 120373833
1884 240747666
3921 361121499
+1 240747666
+4 120373833
-4 120373833
+1 120373833
+9 842616831
+9 481495332
+2 120373833
+2 722242998
4103 962990696
3958 8
+1 12
+15 8
+8 12
+6 8
+1 8
+1 8
1884 12
3999 8
+1 1
+2 1
-1 1
+2 10
+3 8
+5 4
+13 2
-1 2
+2 4
+7 2
-2 2
+1 2
+1 2
+5 2
+1 2
+2 6
+1 2
+30 8
+1 4
+3 6
3960 20
+8 4
-4 4
+4 12
-7 8
4091 12
+1 12
+1 20
3947 481495332
+68 4
+58 2
cfn=(406)
calls=1 +69 
* 472
* 1
-21 2
+1 6
+1 4
-80 20
4077 10
+2 8
cfn=(648) systrim.isra.2
calls=2 2757 
* 56
* 2

fn=(648)
2757 14
+11 6
+2 2
+1 4
-4 2
+8 6
+2 4
-5 2
+49 16

fn=(518)
2932 601869185
+5 240747674
+1 240747674
+6 240747674
+5 120373837
-2 120373837
+2 240747674
+16 361121511
+1 240747674
cfn=(520)
calls=120373837 3839 
* 8907664608
+1 722243022

fl=(107)
fn=(422)
64 1
+1 1
+1 1
+1 1
+5 1

fl=(81)
fn=(326)
26 1
+9 1
+1 2
+1 1
+4 1
+1 1
+1 1
+1 1
+1 1
+2 2
+2 1
+1 1
+1 1
+2 2
+2 1
+9 1
cfi=(82) /build/glibc-9tT8Do/glibc-2.23/setjmp/sigjmp.c
cfn=(328) __sigjmp_save
calls=1 -36 
* 9

fl=(85)
fn=(340)
65 4
+1 2

fl=(116)
fn=(454)
24 175010
+1 175010
+1 175010
+1 175010
+1 175010
+1 175010
+1 175010
+1 175010
+1 175010
+1 175010
+1 175010
+1 175010
+1 175010
+1 175010
+1 175010
+1 175010
+1 175010
+1 175009
+2 175009
+7 175009
+4 1
+1 1
+1 1
+1 1
+1 1
+1 1
+1 1
+1 1
+1 1
+1 1
+1 1
+1 1
+1 1
+1 1
+1 1
+1 1
+1 1
+1 1
+1 1
+1 1
+1 1
+1 1
+1 1
+1 1
+52 1
+2 1
+7 1

fl=(66)
fn=(254)
52 8
+6 3
+14 1
fi=(68) /build/glibc-9tT8Do/glibc-2.23/csu/../sysdeps/unix/sysv/linux/x86_64/init-first.c
-36 1
fe=(66)
+34 1
+1 1
fi=(68)
-35 3
fe=(66)
+36 1
fi=(68)
-36 3
fi=(67) /build/glibc-9tT8Do/glibc-2.23/csu/../sysdeps/generic/dl-hash.h
+12 3
+14 4
-17 3
+3 9
+14 12
-17 9
fi=(68)
-9 3
+2 2
-2 1
+2 2
cfi=(48)
cfn=(182)
calls=1 -11 
* 6
+1 2
+5 2
-3 2
+1 1
+2 1
cfi=(48)
cfn=(182)
calls=1 -17 
* 6
fe=(66)
+42 3
fi=(68)
-41 2
+1 1
fe=(66)
+40 1
cfi=(69) /build/glibc-9tT8Do/glibc-2.23/misc/init-misc.c
cfn=(260) __init_misc
calls=1 -55 
* 48
+8 1
cfi=(71)
cfn=(264)
calls=1 -63 
* 16
+5 6
-34 1
-7 1
+7 4
fi=(68)
-25 2
fe=(66)

fl=(113)
fn=(470)
98 12
-1 4
+3 4
-3 2
+5 2
-2 2
+2 10
+1 20
+2 2
-2 2
+1 2
+1 2
-2 2
+2 2
-2 2
+2 26
+2 2
-2 2
+4 2
+2 2
-3 2
-1 2
+4 14
+2 2
-1 2
+1 16
+1 4
+3 10
-6 14

fn=(642)
1049 2
-2 2
+2 2
+19 6
+2 2

fn=(450)
380 18
+1 28
+3 6
+2 24
-3 6
+3 12
+3 24
-7 2
cob=(2)
cfi=(16)
cfn=(646)
calls=2 0 
* 799
* 10

fn=(724)
948 2
+3 1
-3 2
-50 1
+50 1
+3 1
cfn=(726) _IO_flush_all_lockp
calls=1 760 
* 90
-63 1
+63 1
-63 2
+10 3
+8 5
+2 2
+2 1
+1 1
-1 1
+2 2
+3 5
cfi=(118)
cfn=(728)
calls=1 450 
* 66
+2 3
+4 2
+7 3
-40 9
+2 6
+2 7
+6 12
+65 7
-42 3
+1 8

fn=(730)
522 4
+1 1
-1 2
+1 1
cfi=(118)
cfn=(732)
calls=1 868 
* 13
* 2
+9 1
-7 1
+7 1
-7 1
388 1
-5 1
+1 1
+4 1
535 1
+2 1
-2 2
+1 3
+2 4
381 1
527 1
+1 1
-1 1
+1 1
381 4

fn=(446) _IO_old_init
586 3
-16 3
+1 3
+15 3
+5 3
-21 3
+2 3
+1 3
+1 3
+17 3
-16 3
+1 3
+1 3
+1 3
+1 3
+1 3
+2 3
+1 3
+1 3
+1 3
+6 3
+1 9

fn=(638)
60 8
-1 8
+5 12
+1 20
+2 2
-2 2
+1 2
+1 2
-2 2
+2 2
-2 2
+2 26
+2 2
-2 6
+2 4
+2 4
+13 2
+2 2
-2 2
+2 16
+2 2
-1 2
+1 16
+1 4
+3 10
-6 14
-13 2
+1 2
-1 4

fn=(654)
639 8
+2 6
+6 6
+3 6
60 4
662 8

fn=(444) _IO_no_init
599 27
+1 3
cfn=(446)
calls=3 -14 
* 72
+3 3
-2 3
+2 3
+2 2
+1 2
+1 2
+1 2
+1 2
+1 2
+1 2
+1 2
+1 2
+1 2
+1 2
+1 2
+2 2
+7 2
+1 12
-1 1
+1 6
-3 2

fn=(578)
395 6
-1 9
+3 12
+1 9
cfi=(137)
cfn=(580)
calls=3 95 
* 1702
* 6
+3 12

fn=(588)
230 3828
+2 3828
cfi=(118)
cfn=(576)
calls=1276 808 
* 173270

fn=(726)
760 8
+6 3
+11 2
+16 2
-17 2
-1 2
+1 3
-1 1
+1 1
+3 9
+10 6
+4 3
-2 3
+2 6
+7 3
-27 6
+31 2
+2 2
+4 9
-38 1
-6 1
+5 1
+2 2
+6 12

fn=(456)
425 108
-3 530
+8 276
+2 156
+3 104
+10 153
+5 153
-1 102
+1 21
-1 14
+2 153
+2 51
+2 102
-2 1
+2 116
cfi=(118)
cfn=(576)
calls=16 808 
* 528
* 32
+2 16
-2 32
-17 2
+5 1
-5 1
cfi=(140)
cfn=(598)
calls=1 61 
* 49
* 2
+21 53
+1 53
-1 53
+1 267

fl=(74)
fn=(274)
33 3
+1 1

fl=(89)
fn=(356)
27 4
cfi=(90)
cfn=(358)
calls=2 +37 
* 517

fl=(112)
fn=(442)
32 2
+7 1
-7 3
+7 1
-7 3
+7 3
-2 1
+2 1
cfi=(113)
cfn=(444)
calls=1 599 
* 44
+1 1
+1 4
-1 1
+1 1
cfi=(114)
cfn=(448)
calls=1 -5 
* 53
+1 4
cfi=(115)
cfn=(452)
calls=1 1236 
* 855
* 1
+1 4
+2 7

fl=(119)
fn=(478) __open_nocancel
84 10

fn=(592)
84 2626
cfn=(594) __write_nocancel
calls=1313 * 
* 6565

fn=(594)
84 6565

fn=(476)
84 4
cfn=(478)
calls=2 * 
* 10

fl=(46)
fn=(178)
38 1
-1 1
+1 6
fi=(47) /build/glibc-9tT8Do/glibc-2.23/time/../sysdeps/generic/dl-hash.h
+10 3
+14 4
-17 3
+3 9
+14 12
-17 9
fe=(46)
-7 3
+3 2
-3 1
+3 1
cfi=(48)
cfn=(182)
calls=1 -14 
* 6
+1 3
+1 2

fl=(117)
fn=(464) __fopen_internal
61 12
+8 2
-8 4
+8 2
cob=(2)
cfi=(16)
cfn=(466)
calls=2 -69 
* 368
+2 6
+3 2
+3 8
-3 2
+3 4
cfi=(113)
cfn=(444)
calls=2 599 
* 116
+4 2
+1 2
-1 2
+1 2
cfi=(118)
cfn=(468)
calls=2 +62 
* 188
+4 10
cfi=(118)
cfn=(472)
calls=2 249 
* 244
* 2
+1 2
-1 2
+6 10
-5 2
cfn=(482) __fopen_maybe_mmap
calls=2 -46 
* 8

fn=(462)
97 4
cfn=(464)
calls=2 -36 
* 1002

fn=(482)
41 2
-2 2
+2 2
+15 2

fl=(94) /build/glibc-9tT8Do/glibc-2.23/stdlib/../sysdeps/x86_64/lshift.S
fn=(368) __mpn_lshift
29 145838
+1 145838
+2 145838
+1 145838
+1 145838
+12 145838
+1 145838
+1 145838
+1 145838
+1 145838
+1 145838
+1 145838
+6 145838
+1 145838
+1 145838

fl=(82)
fn=(328)
28 1
+1 1
-1 2
+1 2
+5 3

fl=(159)
fn=(692)
31 8
+17 2
-17 8
+4 8
+4 12
-4 6
+32 8
+4 12
-4 6
+12 4
+3 2
-2 2
+2 12
-2 2
cfi=(160) /build/glibc-9tT8Do/glibc-2.23/nptl/unregister-atfork.c
cfn=(694) __unregister_atfork
calls=2 -52 
* 20

fl=(91)
fn=(366) str_to_mpn.isra.0
338 7
+14 1
-1 1
-13 2
+14 8
+34 4
+10 1
+3 1
+1 1
+2 1
-3 1
+3 1
+2 4
+9 1
-2 2
+2 1
-2 1
+2 1
+2 1
+1 1
+15 9

fn=(360)
481 14
+55 2
-55 6
+53 2
+2 2
+18 2
-1 2
+15 4
+1 4
cfi=(92)
cfn=(362)
calls=2 66 
* 32
+1 2
-1 2
+1 4
+10 2
-6 2
+6 6
+3 4
+1 2
-1 2
+1 2
+3 4
+5 2
-17 2
+17 2
+13 6
+1 4
+56 8
+19 2
-67 6
738 1
1743 16
487 2
683 2
-1 2
+1 2
+23 6
-1 2
+2 3
+41 3
+1 2
+12 2
+13 2
-26 4
+4 3
+25 2
+42 4
+9 2
+1 2
+18 2
+6 1
+1 1
-1 2
+1 1
725 3
855 5
986 2
+10 7
+19 2
738 5
593 2
1021 2
+33 2
+92 1
+2 6
+1 1
+1 1
+3 2
-3 1
+3 2
662 3
+19 1
487 1
681 2
+31 2
+1 2
+12 2
-19 6
+27 6
cfi=(93) /build/glibc-9tT8Do/glibc-2.23/stdlib/grouping.c
cfn=(364) __correctly_grouped_prefixmb
calls=1 55 
* 19
+5 2
1165 2
576 1
1168 2
681 2
487 2
1369 1
1171 10
cfn=(366)
calls=1 338 
* 50
* 1
+6 7
+44 1
+1 2
-1 2
+1 1
+4 1
-4 1
+4 1
+6 2
+32 2
+3 7
+2 2
+8 2
+21 7
cfn=(370) round_and_return
calls=1 197 
* 77
* 1
-19 10
cfi=(94)
cfn=(368)
calls=1 29 
* 15
+4 4

fn=(370)
197 10
fi=(95) /build/glibc-9tT8Do/glibc-2.23/stdlib/../sysdeps/generic/get-rounding-mode.h
94 1
+1 5
fe=(91)
200 2
+94 2
+35 7
fi=(95)
104 1
-9 2
fe=(91)
301 10
-4 1
fi=(96) /build/glibc-9tT8Do/glibc-2.23/stdlib/../include/rounding-mode.h
46 4
fe=(91)
328 3
cfi=(97)
cfn=(376)
calls=1 39 
* 14
* 11
fi=(96)
46 2
+6 2
fe=(91)

fl=(45)
fn=(176)
109 1
+1 1
+1 1
+1 1
+10 1

fn=(186)
129 1
+1 1
+1 1
+1 1
+10 1

fl=(79) /build/glibc-9tT8Do/glibc-2.23/stdlib/cxa_atexit.c
fn=(306) __cxa_atexit
57 5
-22 1
+22 1
-22 1
cfn=(308) __new_exitfn
calls=1 +38 
* 38
+2 2
+4 1
+3 1
+1 1
-4 2
+2 1
+4 1
+1 1
+11 4

fn=(308)
73 2
+6 1
-6 1
+6 1
-6 1
+6 4
+2 6
+2 3
-2 1
+10 2
-10 2
+45 1
+1 1
+3 4
+3 5
-21 1
+1 2

fl=(99)
fn=(388)
29 4
fi=(100)
260 1
fe=(99)
30 1
fi=(100)
260 1
fe=(99)
30 1
fi=(100)
260 1
fi=(98)
2909 7
+2 3
cfn=(404)
calls=1 3347 
* 1038
+3 1
-3 1
+3 1
+8 4
+2 11
fe=(99)
33 4
fi=(98)
2909 6
+12 1
cfi=(100)
cfn=(392) ptmalloc_init.part.5
calls=1 258 
* 58253
* 1
-15 2
fe=(99)

fl=(51)
fn=(192)
37 1
-1 1
+1 6
fi=(47)
+11 3
+14 4
-17 3
+3 9
+14 12
-17 9
fe=(51)
-8 3
+3 2
-3 1
+3 1
cfi=(48)
cfn=(182)
calls=1 -13 
* 6
+1 3
+1 2

fl=(104) /build/glibc-9tT8Do/glibc-2.23/misc/sbrk.c
fn=(412) sbrk
34 2
+8 2
-8 6
+8 9
+4 4
+4 6
+12 5
-19 2
cfi=(105) /build/glibc-9tT8Do/glibc-2.23/misc/../sysdeps/unix/sysv/linux/x86_64/brk.c
cfn=(414) brk
calls=1 -12 
* 12
* 4
+15 2
cfi=(105)
cfn=(414)
calls=1 -27 
* 12
* 2
+4 5

fl=(87)
fn=(348)
106 4
cfi=(88) /build/glibc-9tT8Do/glibc-2.23/stdlib/../stdlib/strtol_l.c
cfn=(350) ____strtol_l_internal
calls=1 227 
* 105

fl=(161)
fn=(734)
27 2
+4 1
+2 2

fl=(105)
fn=(414)
31 16
+8 2
-6 4
+7 2

fl=(150) /build/glibc-9tT8Do/glibc-2.23/stdlib/../sysdeps/x86_64/mul_1.S
fn=(626) __mpn_mul_1
32 2110062
+3 2110062
+1 2110062
+1 2110062
+1 2110062
+1 2110062
+2 2110062
+1 2110062
+2 2110062
+1 2110062
+1 2110062
+1 2110062
+1 1719108
+2 1719108
+1 1719108
+1 1719108
+1 1719108
+26 390954
+1 390954
+1 390954
+1 390954
+1 390954
+1 390954
+1 390954
+1 390954
+1 390954
+26 390954
+1 390954
+1 390954
+2 390954
+1 390954
+1 390954
+1 390954
+1 390954
+1 390954
+2 390954
+3 390954
-5 1719108
+2 1719108
+3 1719108

fl=(154) /build/glibc-9tT8Do/glibc-2.23/stdlib/mul.c
fn=(656) __mpn_mul
48 3909540
+6 390954
-6 1172862
+6 390954
+13 390954
-1 781908
+5 390954
+1 781908
+9 390954
cfi=(150)
cfn=(626)
calls=390954 -49 
* 12510528
+2 390954
+5 390954
-5 781908
+1 390954
+4 390954
+54 3127632

fl=(50)
fn=(190)
30 1
+1 1
+1 1
+1 1
+1 1
+1 1

fl=(160)
fn=(694)
28 8
+8 2
+3 4
+82 6

fl=(70) /build/glibc-9tT8Do/glibc-2.23/string/../sysdeps/x86_64/strrchr.S
fn=(262) rindex
24 1
+1 1
+1 1
+1 1
+1 1
+1 1
+1 1
+1 1
+1 1
+1 1
+1 1
+1 1
+1 1
+1 1
+1 1
+1 1
+1 1
+1 1
+1 1
+1 1
+1 1
+1 1
+1 1
+1 1

fl=(69)
fn=(260)
31 2
-1 3
+1 4
+2 3
cfi=(70)
cfn=(262)
calls=1 -9 
* 24
+4 5
+1 3
+2 4

fl=(131)
fn=(536)
53 223002
+1 223002
+1 223002
+1 223002
+1 223002
+2 223002
+1 223002
+1 207444
+1 207444
+1 155580
+1 155580
+1 155580
+1 155580
+2 25914
+4 145208
+1 145208
+1 145208
+3 15558
+1 15558
+1 15558
+1 15558
+1 15558
+1 15558
+1 15558
+1 15558
+1 15558
+1 15558
+1 15558
+1 15558
+1 15558
+1 15574
+3 16
+1 16
+1 16
+1 16
+1 16
+1 16
+1 16
+1 16
+3 51864
+1 51864
+1 51864
+16 51864
+1 51864
+1 51864

fl=(145) /build/glibc-9tT8Do/glibc-2.23/stdlib/../sysdeps/ieee754/dbl-64/dbl2mpn.c
fn=(614) __mpn_extract_double
37 145837
-4 145837
+4 291674
+1 145837
+9 291674
+9 145837
-18 437511
+18 145837
-18 145837
+9 145837
+9 145837
+47 291674
+4 145837
-4 145837
+4 145837

fl=(78)
fn=(304)
134 7
+4 1
-4 3
+4 3
+82 1
-82 1
+82 1
+1 4
cfi=(79)
cfn=(306)
calls=1 57 
* 60
+22 4
+3 2
+1 5
cob=(6)
cfi=(75)
cfn=(310)
calls=1 0 
* 56
+4 4
+15 2
+12 2
cfi=(80)
cfn=(324)
calls=1 30 
* 30
+1 2
+5 2
+1 2
+3 2
+3 6
cob=(6)
cfi=(75)
cfn=(330)
calls=1 0 
* 134239730935
+34 2
cfi=(156)
cfn=(664)
calls=1 104 
* 1155
138 2

fl=(93)
fn=(364)
55 7
+6 1
-6 1
+6 1
201 9

fl=(135)
fn=(552)
55 445884
+6 445884
+1 445884
+7 445884
+1 445884
+7 445884
+1 445884
+1 1783536
1688 445884
+1 445884
+2 445884
+1 445884
+2 445884
+1 445884
+2 445884
+1 445884
+2 445884
+1 445884
+2 445884

fl=(141)
fn=(604)
27 437520
+4 29168
+1 29168
-1 145840
+1 29168
cfi=(115)
cfn=(452)
calls=29168 1236 
* 457911320
+4 58336

fl=(143)
fn=(610) __printf_fp_l
215 1458370
+39 145837
-39 145837
+30 145837
+16 145837
-7 437511
+10 145837
-10 291674
+10 145837
fi=(144) /build/glibc-9tT8Do/glibc-2.23/stdio-common/../include/../locale/localeinfo.h
+42 437511
fe=(143)
-39 291674
+18 437511
+33 145837
-2 291674
+16 145837
+2 145837
-2 145837
+46 145837
+3 291674
+14 583348
+16 1166696
cfi=(145)
cfn=(614)
calls=145837 37 
* 2916740
+4 145837
-4 145837
+4 291674
+36 145837
+12 145837
-9 1312533
+1 729185
+1 291674
+1 291674
-2 145837
+1 145837
-1 145837
+2 145837
+7 145837
-8 145837
+1 145837
+7 145837
822 291674
-10 145837
+10 145837
-10 145837
+10 291674
+2 145837
-2 145837
+2 145837
+10 291674
+48 145837
-61 145837
+61 291674
+14 1020859
+7 145837
fi=(163) /build/glibc-9tT8Do/glibc-2.23/stdio-common/../sysdeps/pthread/allocalim.h
29 291674
fe=(143)
913 1020859
+4 145837
-3 291674
+3 291674
+3 583348
-6 1166696
+9 437511
cfn=(622) hack_digit
calls=145837 169 
* 15876330
* 3154473
cfn=(622)
calls=1051491 169 
* 111906263
-3 1197328
+3 1197328
-3 1926513
+7 729185
+2 291674
-4 145837
+4 291674
+12 437511
+1 1020859
+1 2916748
+1 291674
172 583350
946 583350
172 1166700
+2 1750050
+8 1750050
+21 1400046
cfi=(150)
cfn=(626)
calls=466682 32 
* 9333640
+1 933364
+1 2007730
947 401546
+1 401546
+2 803092
-3 181804
+1 181804
+2 363608
1250 1312533
473 437511
+16 291674
248 1312533
524 153416
-1 153416
+1 460248
-1 153416
+1 306832
cfi=(146)
cfn=(616)
calls=153416 61 
* 3528568
* 153416
+16 1979029
+11 345919
-2 345919
+2 2241800
-2 1549962
+2 4849968
-57 1750044
+4 8750220
-4 145837
+4 729185
+2 1088740
+30 3127632
cfi=(154)
cfn=(656)
calls=390954 48 
* 26584872
+4 781908
+2 781908
435 1166700
186 3500100
cfi=(149)
cfn=(624)
calls=583350 46 
* 21752586
+2 2333400
+3 583350
-2 583350
+3 583350
-1 583350
+1 3500100
+1 233336
-1 116668
+7 116668
-1 466672
944 437511
+15 729185
+1 437511
cfn=(622)
calls=145837 169 
* 14777282
+2 542298
+1 104787
-1 104787
fi=(151) /build/glibc-9tT8Do/glibc-2.23/stdio-common/../sysdeps/generic/get-rounding-mode.h
94 145837
+1 729185
fe=(143)
1078 583348
+7 291674
+3 291674
+13 437511
+46 875022
+2 875022
+2 145837
-2 145837
+2 583348
+96 1866728
540 1633110
cfi=(147) /build/glibc-9tT8Do/glibc-2.23/stdlib/cmp.c
cfn=(618) __mpn_cmp
calls=544370 35 
* 5988105
* 1831561
+3 992255
cfi=(146)
cfn=(616)
calls=198451 61 
* 4564373
+1 595353
+1 595353
+1 198451
-2 198451
+1 198451
+1 396902
-1 198451
+1 396902
-9 1172862
+15 145837
+6 145837
-6 145837
+6 145837
+4 1283362
+4 58334
+2 29167
-2 29167
+2 29167
+17 29167
-1 58334
+1 58334
+3 116668
+9 816688
+16 116670
+2 116670
-2 233340
+2 116670
-2 233340
cfi=(148) /build/glibc-9tT8Do/glibc-2.23/stdlib/../sysdeps/x86_64/rshift.S
cfn=(620) __mpn_rshift
calls=116670 29 
* 1983390
+16 437511
-1 145837
+1 583348
cfi=(148)
cfn=(620)
calls=145837 29 
* 2479229
+4 1020859
-1 291674
964 158133
+3 20297
-4 20297
+4 20297
248 145837
1154 291674
+7 583348
+9 437511
+7 145837
+3 145837
-3 437511
+5 291674
cfi=(92)
cfn=(362)
calls=145837 66 
* 2333392
* 145837
+2 437511
+5 437511
+2 145837
-2 145837
+2 145837
-2 145837
+2 145837
+18 1895881
+3 3561356
+3 3561356
-6 5779545
+1 5779545
+1 583348
cfi=(140)
cfn=(598)
calls=145837 61 
* 2625066
* 145837
fi=(151)
95 291674
fi=(152) /build/glibc-9tT8Do/glibc-2.23/stdio-common/../include/rounding-mode.h
-43 641200
fe=(143)
1156 437511
837 145837
-1 145837
+1 583348
+3 437511
+2 145837
-3 145837
-1 145837
+4 145837
+2 291674
-7 145837
+5 145837
-5 291674
984 174444
+5 348888
+2 6588
-2 13176
+3 6588
-3 142642
+5 174435
+4 116290
+11 232592
+4 9
+2 3
-2 3
+2 21
594 350010
481 2187555
cfi=(94)
cfn=(368)
calls=145837 29 
* 2187555
+4 1312533
+1 145837
-1 145837
+1 145837
+1 729185
1239 437511
+7 291674
964 64828
+3 1085687
1219 291674
+17 729185
-78 291674
994 9
+5 18
+21 9
607 58334
+18 233336
cfi=(148)
cfn=(620)
calls=29167 29 
* 495839
* 29167
1236 22212524
cfi=(113)
cfn=(588)
calls=471 230 
* 68226
* 942
-34 875022
-45 1
837 2
1159 583348
566 233340
+2 116670
-2 116670
+2 845857
1185 291674

fn=(608)
1257 145837
-1 145837
+1 583348
cfn=(610)
calls=145837 215 
* 411209346

fn=(622)
169 4029495
+3 4029495
+2 5372660
+8 4029495
+21 3757278
cfi=(150)
cfn=(626)
calls=1252426 32 
* 25048520
+1 2504852
+1 5409530
+4 6262130
-23 8058990
cfi=(149)
cfn=(624)
calls=1343165 46 
* 51840878
+2 5372660
+3 1343165
-2 1343165
+3 1343165
-1 1343165
+1 8058990
+1 181478
-1 90739
+6 90739
+1 90739
+10 2958547

fl=(140)
fn=(598)
61 292435
+4 292435
+3 292435
+1 292435
+2 291733
+1 291733
+2 291733
+1 291733
+5 291733
+1 291733
-1 702
+1 702
+2 2
+1 2
+2 2
+1 2
+5 2
+1 2
-1 292433
+1 292433
+2 106
+1 106
+2 106
+1 106
+5 106
+1 106
-1 292329
+1 292329
+2 2
+1 2
+2 2
+1 4
+5 2
+1 2
-1 292433
+1 293237
+5 804
+1 804
+1 804
+1 804
+2 804
+2 804
+1 804
+2 804
+6 292435
+4 292435
+12 1
+2 1
+1 1
+26 1
+1 1
+3 1
+1 1
+1 1
+5 1
+2 1
+1 1
+1 1
+1 1
+2 1
+1 1
+1 1
+1 1
+2 1
+1 1
+2 1
+22 1
+2 1

fl=(142)
fn=(606)
73 145836
+12 145836
-12 291672
+2 1020852
+18 145836

fl=(88)
fn=(350)
227 9
+26 2
+22 1
-1 1
+10 4
+9 6
+2 2
+5 2
+5 1
-6 1
+6 1
+4 2
+10 2
+10 3
526 8
326 2
-79 1
371 1
+64 4
+38 1
-18 1
-4 1
+22 1
-19 1
-3 1
+4 1
-4 1
+4 2
-4 2
-14 3
-4 2
+2 5
+44 2
+5 2
+6 2
+3 3
-28 3
+3 4
+5 1
+1 4
+17 3
+17 2
348 4

fl=(100)
fn=(392)
258 6
+13 1
-8 1
+8 1
+6 3
+2 5
+16 2
-56 66
-18 201
+2 132
+1 2
+1 2
340 2
+6 2
+1 2
+2 1
+1 7
-78 5
cfi=(101)
cfn=(394)
calls=1 126 
* 57806
* 2
+1 4

fl=(147)
fn=(618)
35 1088770
+2 544375
+1 544375
+1 1088750
+8 2721825
-5 5
+6 5

fl=(120)
fn=(480)
53 14
+10 6
+2 4
+1 2
+23 16
-26 2
-5 4

fl=(103)
fn=(410)
46 2
+1 2
cfi=(104)
cfn=(412)
calls=2 -13 
* 73
+1 6
+4 4

fl=(148)
fn=(620)
29 291674
+1 291674
+1 291674
+13 291674
+1 291674
+16 291674
+1 291674
+1 291674
+1 291674
+1 291674
+1 291674
+1 291674
+5 291674
+1 291674
+1 291674
+1 291674
+1 291674

totals: 134239845777
