10.0000 218556420.7166 260468153.2045 283403162.4436 259707461.6829
144.8584 218642999.2050 260578080.0738 283310932.8381 259808070.9311
639.9288 218960669.9716 260981212.3239 282972044.3892 260177127.1010
1584.8427 219566304.3665 261748849.1045 282323875.7223 260880282.2485
2879.2419 220394563.5071 262796587.8030 281433104.7512 261840852.6449
4374.1564 221349332.1765 264001176.5538 280400227.4264 262946393.8834
5953.0728 222355924.3280 265267148.2118 279304536.2621 264109579.8132
7543.1117 223368026.2869 266535537.3383 278196188.8138 265276290.5056
9103.3614 224359964.7793 267773863.2690 277103808.4531 266416568.1874
10612.4383 225318584.8114 268965672.2361 276042752.4182 267515117.6844
12060.0531 226237780.4085 270103513.2044 275020765.8488 268564907.8353
13442.0468 227115294.3397 271184835.8162 274041332.9750 269563425.6612
14757.6231 227950945.0551 272209721.4642 273105558.3694 270510599.2047
16007.8304 228745661.1195 273179649.3339 272213207.2191 271407664.5105
17194.7232 229500953.8822 274096823.1812 271363284.6964 272256545.1605
18320.8922 230218625.1944 274963798.5139 270554365.7204 273059506.9790
19389.1916 230900601.9279 275783271.7674 269784788.5769 273818961.4899
20402.5777 231548840.1982 276557958.5727 269052772.6368 274537351.4392
21364.0108 232165268.9963 277290522.4626 268356492.3191 275217082.9640
22276.3939 232751756.8943 277983533.1641 267694124.7444 275860485.2662
23142.5350 233310092.7680 278639442.8917 267063880.8307 276469787.1312
23965.1241 233841975.3255 279260573.9595 266464025.5219 277047104.1177
24746.7210 234349008.3221 279849113.6910 265892890.6181 277594432.6949
25489.7486 234832699.4928 280407114.0861 265348882.4570 278113648.9539
26196.4918 235294461.9372 280936494.5983 264830485.9432 278606510.3537
26869.0991 235735617.0862 281439046.8972 264336265.9904 279074659.4367
27509.5864 236157398.6659 281916440.8521 263864867.1294 279519628.7889
28119.8424 236560957.2364 282370231.1936 263415011.8451 279942846.7244
28701.6344 236947365.0284 282801864.4924 262985498.0399 280345643.3445
29256.6148 237317620.8660 283212686.1862 262575195.9371 280729256.7099
29786.3281 237672655.0450 283603947.4882 262183044.6399 281094838.9597
30292.2173 238013334.0657 283976812.0505 261808048.5178 281443462.2514
30775.6307 238340465.1720 284332362.3252 261449273.5268 281776124.4594
31237.8279 238654800.6468 284671605.5618 261105843.5640 282093754.5709
31679.9862 238957041.8589 284995479.4397 260776936.8989 282397217.7695
32103.2060 239247843.0431 285304857.3164 260461782.7349 282687320.1865
32508.5167 239527814.8191 285600553.1021 260159657.9209 282964813.3246
32896.8809 239797527.4594 285883325.7766 259869883.8261 283230398.1659
33269.2000 240057513.9101 286153883.5592 259591823.3918 283484728.9709
33626.3180 240308272.5816 286412887.7541 259324878.3570 283728416.7887
33969.0257 240550269.9232 286660956.2925 259068486.6582 283962032.6941
34298.0649 240783942.7922 286898666.9897 258822119.9996 284186110.7688
34614.1311 241009700.6376 287126560.5420 258585281.5842 284401150.8475
34917.8775 241227927.5066 287345143.2788 258357504.0028 284607621.0424
35209.9174 241438983.8946 287554889.6961 258138347.2643 284805960.0693
35490.8275 241643208.4423 287756244.7803 257927396.9710 284996579.3833
35761.1499 241840919.5024 287949626.1484 257724262.6168 285179865.1473
36021.3950 242032416.5761 288135426.0126 257528576.0112 285356180.0401
36272.0433 242217981.6387 288314012.9886 257339989.8142 285525864.9220
36513.5476 242397880.3593 288485733.7599 257158176.1760 285689240.3686
36746.3348 242572363.2242 288650914.6083 256982825.4748 285846608.0823
36970.8076 242741666.5756 288809862.8283 256813645.1413 285998252.1970
37187.3463 242906013.5651 288962868.0253 256650358.5721 286144440.4766
37396.3098 243065615.0353 289110203.3146 256492704.1184 286285425.4220
37598.0377 243220670.3378 289252126.4313 256340434.1425 286421445.2970
37792.8507 243371368.0823 289388880.7501 256193314.1474 286552725.0702
37981.0527 243517886.8350 289520696.2310 256051121.9623 286679477.2895
38162.9310 243660395.7636 289647790.2942 255913646.9852 286801902.8916
38338.7580 243799055.2332 289770368.6282 255780689.4801 286920191.9492
38508.7918 243934017.3587 289888625.9374 255652059.9226 287034524.3626
38673.2771 244065426.5206 290002746.6397 255527578.3858 287145070.5060
38832.4462 244193419.8355 290112905.5042 255407073.9764 287251991.8174
38986.5194 244318127.6046 290219268.2549 255290384.2983 287355441.3578
39135.7061 244439673.7204 290321992.1219 255177354.9600 287455564.3215
39280.2052 244558176.0503 290421226.3580 255067839.1116 287552498.5153
39420.2058 244673746.7915 290517112.7179 254961697.0130 287646374.8015
39555.8878 244786492.8047 290609785.9064 254858795.6281 287737317.5139
39687.4224 244896515.9189 290699373.9905 254759008.2505 287825444.8398
39814.9724 245003913.2227 290785998.7905 254662214.1469 287910869.1822
39938.6931 245108777.3305 290869776.2382 254568298.2291 287993697.4917
40058.7323 245211196.6364 290950816.7171 254477150.7411 288074031.5824
40175.2311 245311255.5465 291029225.3751 254388666.9712 288151968.4215
40288.3239 245409034.6994 291105102.4197 254302746.9779 288227600.4034
40398.1389 245504611.1696 291178543.3918 254219295.3369 288301015.6028
40504.7986 245598058.6630 291249639.4251 254138220.8983 288372298.0165
40608.4200 245689447.6925 291318477.4844 254059436.5646 288441527.7831
40709.1146 245778845.7505 291385140.5937 253982859.0767 288508781.3955
40806.9893 245866317.4655 291449708.0462 253908408.8165 288574131.8954
40902.1461 245951924.7505 291512255.6029 253836009.6194 288637649.0573
40994.6826 246035726.9453 291572855.6806 253765588.5964 288699399.5638
41084.6921 246117780.9427 291631577.5233 253697075.9729 288759447.1629
41172.2641 246198141.3162 291688487.3690 253630404.9280 288817852.8246
41257.4840 246276860.4354 291743648.6043 253565511.4490 288874674.8832
41340.4338 246353988.5733 291797121.9078 253502334.1935 288929969.1707
41421.1920 246429574.0096 291848965.3872 253440814.3585 288983789.1438
41499.8339 246503663.1289 291899234.7085 253380895.5559 289036186.0040
41576.4316 246576300.5132 291947983.2182 253322523.6952 289087208.8111
41651.0542 246647529.0255 291995262.0557 253265646.8754 289136904.5869
41723.7683 246717389.8897 292041120.2596 253210215.2818 289185318.4143
41794.6374 246785922.7691 292085604.8711 253156181.0869 289232493.5328
41863.7227 246853165.8432 292128761.0319 253103498.3536 289278471.4302
41931.0829 246919155.8722 292170632.0725 253052122.9505 289323291.9234
41996.7745 246983928.2607 292211259.5969 253002012.4699 289366993.2378
42060.8516 247047517.1239 292250683.5660 252953126.1445 289409612.0846
42123.3663 247109955.3401 292288942.3713 252905424.7775 289451183.7286
42184.3688 247171274.6112 292326072.9100 252858870.6677 289491742.0583
42243.9071 247231505.5056 292362110.6481 252813427.5487 289531319.6441
42302.0275 247290677.5219 292397089.6938 252769060.5148 289569947.8072
42358.7748 247348819.1224 292431042.8509 252725735.9708 289607656.6680
42414.1917 247405957.7863 292464001.6820 252683421.5678 289644475.2055
42468.3197 247462120.0494 292495996.5622 252642086.1506 289680431.3074
42521.1984 247517331.5397 292527056.7291 252601699.7094 289715551.8150
42572.8661 247571617.0214 292557210.3356 252562233.3260 289749862.5737
42623.3599 247625000.4292 292586484.4961 252523659.1287 289783388.4752
42672.7153 247677504.9036 292614905.3316 252485950.2472 289816153.4995
42720.9665 247729152.8229 292642498.0116 252449080.7703 289848180.7540
42768.1467 247779965.8300 292669286.7929 252413025.7095 289879492.5081
42814.2877 247829964.8690 292695295.0609 252377760.9552 289910110.2335
42859.4204 247879170.2080 292720545.3637 252343263.2440 289940054.6342
42903.5743 247927601.4713 292745059.4497 252309510.1206 289969345.6826
42946.7783 247975277.6619 292768858.2987 252276479.9065 289998002.6475
42989.0598 248022217.1834 292791962.1523 252244151.6703 290026044.1227
43030.4456 248068437.8673 292814390.5462 252212505.1947 290053488.0563
43070.9616 248113956.9950 292836162.3377 252181520.9484 290080351.7775
43110.6327 248158791.3189 292857295.7342 252151180.0579 290106652.0221
43149.4828 248202957.0771 292877808.3154 252121464.2861 290132404.9524
43187.5353 248246470.0184 292897717.0610 252092356.0025 290157626.1845
43224.8128 248289345.4224 292917038.3757 252063838.1592 290182330.8103
43261.3368 248331598.1128 292935788.1086 252035894.2703 290206533.4164
43297.1285 248373242.4721 292953981.5749 252008508.3919 290230248.1026
43332.2083 248414292.4694 292971633.5805 251981665.0937 290253488.5076
43366.5957 248454761.6585 292988758.4350 251955349.4501 290276267.8172
43400.3098 248494663.2104 293005369.9773 251929547.0101 290298598.7921
43433.3691 248534009.9118 293021481.5872 251904243.7888 290320493.7752
43465.7914 248572814.1899 293037106.2073 251879426.2427 290341964.7143
43497.5940 248611088.1183 293052256.3563 251855081.2583 290363023.1727
43528.7935 248648843.4352 293066944.1469 251831196.1313 290383680.3478
43559.4063 248686091.5482 293081181.2982 251807758.5568 290403947.0801
43589.4480 248722843.5522 293094979.1524 251784756.6100 290423833.8708
43618.9338 248759110.2383 293108348.6876 251762178.7336 290443350.8931
43647.8785 248794902.1021 293121300.5303 251740013.7259 290462508.0033
43676.2963 248830229.3553 293133844.9685 251718250.7267 290481314.7530
43704.2011 248865101.9385 293145991.9647 251696879.2030 290499780.4027
43731.6063 248899529.5263 293157751.1661 251675888.9401 290517913.9291
43758.5251 248933521.5327 293169131.9145 251655270.0318 290535724.0350
43784.9699 248967087.1279 293180143.2594 251635012.8647 290553219.1622
43810.9531 249000235.2410 293190793.9666 251615108.1114 290570407.4988
43836.4865 249032974.5743 293201092.5302 251595546.7160 290587296.9914
43861.5818 249065313.5999 293211047.1776 251576319.8916 290603895.3480
43886.2502 249097260.5757 293220665.8823 251557419.1052 290620210.0511
43910.5024 249128823.5544 293229956.3720 251538836.0682 290636248.3664
43934.3491 249160010.3796 293238926.1347 251520562.7338 290652017.3453
43957.8006 249190828.6957 293247582.4267 251502591.2869 290667523.8340
43980.8669 249221285.9628 293255932.2833 251484914.1310 290682774.4848
44003.5575 249251389.4560 293263982.5242 251467523.8845 290697775.7601
44025.8820 249281146.2703 293271739.7598 251450413.3740 290712533.9375
44047.8495 249310563.3242 293279210.3977 251433575.6283 290727055.1162
44069.4689 249339647.3728 293286400.6515 251417003.8673 290741345.2264
44090.7489 249368405.0089 293293316.5455 251400691.4978 290755410.0328
44111.6978 249396842.6638 293299963.9197 251384632.1092 290769255.1391
44132.3238 249424966.6195 293306348.4376 251368819.4640 290782885.9960
44152.6350 249452783.0072 293312475.5902 251353247.4946 290796307.9040
44172.6390 249480297.8120 293318350.7011 251337910.2983 290809526.0184
44192.3434 249507516.8879 293323978.9344 251322802.1256 290822545.3592
44211.7555 249534445.9415 293329365.2948 251307917.3862 290835370.8062
44230.8825 249561090.5549 293334514.6366 251293250.6336 290848007.1121
44249.7313 249587456.1798 293339431.6664 251278796.5658 290860458.9025
44268.3086 249613548.1461 293344120.9477 251264550.0180 290872730.6821
44286.6212 249639371.6637 293348586.9056 251250505.9588 290884826.8381
44304.6753 249664931.8190 293352833.8291 251236659.4899 290896751.6405
44322.4774 249690233.5907 293356865.8774 251223005.8349 290908509.2522
44340.0333 249715281.8404 293360687.0816 251209540.3423 290920103.7260
44357.3492 249740081.3282 293364301.3501 251196258.4749 290931539.0143
44374.4308 249764636.7063 293367712.4708 251183155.8107 290942818.9682
44391.2837 249788952.5279 293370924.1152 251170228.0366 290953947.3429
44407.9134 249813033.2438 293373939.8409 251157470.9479 290964927.7987
44424.3254 249836883.2031 293376763.0944 251144880.4460 290975763.9025
44440.5248 249860506.6681 293379397.2159 251132452.5285 290986459.1367
44456.5168 249883907.8088 293381845.4409 251120183.2903 290997016.8983
44472.3064 249907090.7074 293384110.9033 251108068.9198 291007440.5021
44487.8984 249930059.3543 293386196.6375 251096105.6988 291017733.1811
44503.2976 249952817.6603 293388105.5817 251084289.9947 291027898.0932
44518.5087 249975369.4490 293389840.5800 251072618.2629 291037938.3192
44533.5361 249997718.4643 293391404.3850 251061087.0411 291047856.8675
44548.3842 250019868.3747 293392799.6603 251049692.9454 291057656.6778
44563.0575 250041822.7657 293394028.9819 251038432.6734 291067340.6186
44577.5601 250063585.1544 293395094.8416 251027302.9945 291076911.4953
44591.8962 250085158.9821 293395999.6484 251016300.7528 291086372.0478
44606.0698 250106547.6179 293396745.7302 251005422.8635 291095724.9540
44620.0849 250127754.3614 293397335.3366 250994666.3106 291104972.8312
44633.9452 250148782.4427 293397770.6399 250984028.1453 291114118.2381
44647.6547 250169635.0281 293398053.7378 250973505.4818 291123163.6782
44661.2169 250190315.2126 293398186.6544 250963095.5002 291132111.5974
44674.6354 250210826.0345 293398171.3423 250952795.4375 291140964.3915
44687.9139 250231170.4618 293398009.6843 250942602.5938 291149724.4014
44701.0558 250251351.4067 293397703.4948 250932514.3235 291158393.9206
44714.0644 250271371.7248 293397254.5215 250922528.0347 291166975.1953
44726.9431 250291234.2056 293396664.4465 250912641.1928 291175470.4217
44739.6951 250310941.5779 293395934.8886 250902851.3170 291183881.7491
44752.3236 250330496.5163 293395067.4042 250893155.9757 291192211.2838
44764.8318 250349901.6391 293394063.4886 250883552.7868 291200461.0886
44777.2225 250369159.5147 293392924.5772 250874039.4135 291208633.1870
44789.4990 250388272.6512 293391652.0475 250864613.5683 291216729.5591
44801.6640 250407243.5028 293390247.2200 250855273.0091 291224752.1458
44813.7204 250426074.4740 293388711.3592 250846015.5365 291232702.8503
44825.6712 250444767.9109 293387045.6755 250836838.9963 291240583.5365
44837.5189 250463326.1146 293385251.3258 250827741.2730 291248396.0344
44849.2664 250481751.3302 293383329.4151 250818720.2939 291256142.1370
44860.9163 250500045.7574 293381280.9972 250809774.0230 291263823.6046
44872.4713 250518211.5449 293379107.0761 250800900.4631 291271442.1643
44883.9337 250536250.7883 293376808.6077 250792097.6562 291278999.5086
44895.3063 250554165.5422 293374386.4994 250783363.6763 291286497.3022
44906.5914 250571957.8054 293371841.6130 250774696.6363 291293937.1757
44917.7915 250589629.5304 293369174.7652 250766094.6824 291301320.7311
44928.9089 250607182.6182 293366386.7288 250757555.9962 291308649.5390
44939.9459 250624618.9259 293363478.2334 250749078.7900 291315925.1436
44950.9050 250641940.2605 293360449.9669 250740661.3089 291323149.0603
44961.7882 250659148.3841 293357302.5764 250732301.8284 291330322.7781
44972.5979 250676245.0093 293354036.6696 250723998.6550 291337447.7589
44983.3362 250693231.8028 293350652.8157 250715750.1247 291344525.4391
44994.0052 250710110.3885 293347151.5458 250707554.6001 291351557.2315
45004.6070 250726882.3343 293343533.3566 250699410.4768 291358544.5205
45015.1438 250743549.1643 293339798.7094 250691316.1766 291365488.6678
45025.6174 250760112.3557 293335948.0318 250683270.1483 291372391.0112
45036.0299 250776573.3411 293331981.7184 250675270.8664 291379252.8663
45046.3833 250792933.4965 293327900.1348 250667316.8361 291386075.5222
45056.6795 250809194.1575 293323703.6155 250659406.5850 291392860.2481
45066.9203 250825356.6139 293319392.4654 250651538.6651 291399608.2921
45077.1076 250841422.0998 293314966.9648 250643711.6577 291406320.8772
45087.2433 250857391.8054 293310427.3670 250635924.1662 291412999.2065
45097.3290 250873266.8729 293305773.9010 250628174.8186 291419644.4624
45107.3667 250889048.3922 293301006.7741 250620462.2688 291426257.8042
45117.3579 250904737.4112 293296126.1701 250612785.1912 291432840.3740
45127.3045 250920334.9204 293291132.2560 250605142.2877 291439393.2893
45137.2080 250935841.8658 293286025.1786 250597532.2815 291445917.6497
45147.0701 250951259.1444 293280805.0686 250589953.9185 291452414.5346
45156.8925 250966587.5970 293275472.0434 250582405.9711 291458885.0011
45166.6765 250981828.0243 293270026.2043 250574887.2293 291465330.0901
45176.4240 250996981.1717 293264467.6427 250567396.5089 291471750.8210
45186.1362 251012047.7337 293258796.4407 250559932.6482 291478148.1930
45195.8147 251027028.3572 293253012.6714 250552494.5070 291484523.1870
45205.4611 251041923.6392 293247116.4015 250545080.9671 291490876.7649
45215.0766 251056734.1290 293241107.6924 250537690.9314 291497209.8702
45224.6628 251071460.3250 293234986.6035 250530323.3252 291503523.4267
45234.2209 251086102.6776 293228753.1921 250522977.0951 291509818.3404
45243.7523 251100661.5876 293222407.5172 250515651.2094 291516095.4978
45253.2584 251115137.4051 293215949.6407 250508344.6591 291522355.7663
45262.7404 251129530.4400 293209379.6259 250501056.4524 291528599.9981
45272.1996 251143840.9533 293202697.5424 250493785.6195 291534829.0266
45281.6372 251158069.1597 293195903.4673 250486531.2111 291541043.6671
45291.0545 251172215.2297 293188997.4865 250479292.2979 291547244.7180
45300.4526 251186279.2895 293181979.6961 250472067.9705 291553432.9602
45309.8327 251200261.4265 293174850.2024 250464857.3374 291559609.1592
45319.1958 251214161.6867 293167609.1247 250457659.5260 291565774.0642
45328.5433 251227980.0773 293160256.5959 250450473.6821 291571928.4085
45337.8760 251241716.5694 293152792.7635 250443298.9686 291578072.9104
45347.1951 251255371.0986 293145217.7906 250436134.5655 291584208.2738
45356.5017 251268943.5698 293137531.8552 250428979.6679 291590335.1890
45365.7968 251282433.8545 293129735.1540 250421833.4880 291596454.3320
45375.0813 251295841.7966 293121827.9000 250414695.2522 291602566.3662
45384.3562 251309167.2160 293113810.3227 250407564.1999 291608671.9440
45393.6226 251322409.9080 293105682.6697 250400439.5838 291614771.7060
45402.8814 251335569.6472 293097445.2057 250393320.6688 291620866.2824
45412.1335 251348646.1912 293089098.2115 250386206.7302 291626956.2943
45421.3799 251361639.2837 293080641.9836 250379097.0525 291633042.3549
45430.6215 251374548.6556 293072076.8341 250371990.9292 291639125.0696
45439.8591 251387374.0293 293063403.0890 250364887.6606 291645205.0374
45449.0938 251400115.1175 293054621.0896 250357786.5553 291651282.8507
45458.3263 251412771.6265 293045731.1913 250350686.9286 291657359.0958
45467.5576 251425343.2726 293036733.7527 250343588.0936 291663434.3606
45476.7886 251437829.7654 293027629.1469 250336489.3706 291669509.2270
45486.0201 251450230.8215 293018417.7524 250329390.0800 291675584.2767
45495.2530 251462546.1661 293009099.9521 250322289.5412 291681660.0916
45504.4883 251474775.5289 292999676.1354 250315187.0755 291687737.2526
45513.7267 251486918.6540 292990146.6910 250308082.0002 291693816.3435
45522.9693 251498975.3030 292980512.0038 250300973.6268 291699897.9530
45532.2168 251510945.2536 292970772.4545 250293861.2618 291705982.6740
45541.4702 251522828.2979 292960928.4208 250286744.2075 291712071.1028
45550.7305 251534624.2439 292950980.2751 250279621.7612 291718163.8400
45559.9985 251546332.9274 292940928.3733 250272493.2077 291724261.4966
45569.2752 251557954.2043 292930773.0598 250265357.8235 291730364.6907
45578.5615 251569487.9544 292920514.6623 250258214.8741 291736474.0497
45587.8584 251580934.0753 292910153.4967 250251063.6174 291742590.2072
45597.1669 251592292.4992 292899689.8492 250243903.2930 291748713.8125
45606.4880 251603563.1792 292889123.9870 250236733.1296 291754845.5241
45615.8227 251614746.0930 292878456.1531 250229552.3422 291760986.0118
45625.1721 251625841.2431 292867686.5641 250222360.1318 291767135.9576
45634.5372 251636848.6530 292856815.4115 250215155.6863 291773296.0544
45643.9190 251647768.3796 292845842.8476 250207938.1720 291779467.0134
45653.3188 251658600.4997 292834768.9959 250200706.7415 291785649.5575
45662.7375 251669345.1114 292823593.9482 250193460.5318 291791844.4224
45672.1764 251680002.3375 292812317.7580 250186198.6610 291798052.3604
45681.6367 251690572.3230 292800940.4408 250178920.2290 291804274.1387
45691.1194 251701055.2317 292789461.9758 250171624.3187 291810510.5391
45700.6259 251711451.2485 292777882.2999 250164309.9931 291816762.3601
45710.1573 251721760.5769 292766201.3086 250156976.2964 291823030.4163
45719.7150 251731983.4333 292754418.8598 250149622.2561 291829315.5363
45729.3002 251742120.0525 292742534.7654 250142246.8785 291835618.5666
45738.9142 251752170.6824 292730548.7940 250134849.1509 291841940.3698
45748.5584 251762135.5824 292718460.6711 250127428.0415 291848281.8246
45758.2342 251772015.0200 292706270.0810 250119982.5011 291854643.8244
45767.9429 251781809.2785 292693976.6541 250112511.4552 291861027.2839
45777.6859 251791518.6438 292681579.9814 250105013.8134 291867433.1314
45787.4647 251801143.4092 292669079.6062 250097488.4639 291873862.3132
45797.2807 251810683.8704 292656475.0281 250089934.2764 291880315.7911
45807.1355 251820140.3299 292643765.6947 250082350.0970 291886794.5469
45817.0306 251829513.0866 292630951.0139 250074734.7552 291893299.5763
45826.9675 251838802.4418 292618030.3427 250067087.0577 291899831.8944
45836.9478 251848008.6929 292605002.9947 250059405.7923 291906392.5320
45846.9731 251857132.1360 292591868.2341 250051689.7244 291912982.5389
45857.0450 251866173.0608 292578625.2803 250043937.5995 291919602.9817
45867.1651 251875131.7491 292565273.3092 250036148.1437 291926254.9432
45877.3353 251884008.4770 292551811.4467 250028320.0600 291932939.5258
45887.5570 251892803.5118 292538238.7732 250020452.0298 291939657.8498
45897.8322 251901517.1085 292524554.3251 250012542.7146 291946411.0525
45908.1625 251910149.5144 292510757.0875 250004590.7507 291953200.2924
45918.5498 251918700.9623 292496846.0016 249996594.7535 291960026.7454
45928.9959 251927171.6696 292482819.9654 249988553.3172 291966891.6053
45939.5026 251935561.8387 292468677.8312 249980465.0134 291973796.0848
45950.0718 251943871.6548 292454418.4074 249972328.3916 291980741.4153
45960.7055 251952101.2903 292440040.4495 249964141.9732 291987728.8518
45971.4055 251960250.8969 292425542.6718 249955904.2586 291994759.6668
45982.1738 251968320.6044 292410923.7476 249947613.7259 292001835.1515
45993.0125 251976310.5265 292396182.2983 249939268.8252 292008956.6209
46003.9236 251984220.7521 292381316.9061 249930867.9844 292016125.4083
46014.9092 251992051.3522 292366326.1011 249922409.6022 292023342.8715
46025.9713 251999802.3752 292351208.3671 249913892.0502 292030610.3913
46037.1121 252007473.8406 292335962.1523 249905313.6790 292037929.3658
46048.3338 252015065.7480 292320585.8512 249896672.8071 292045301.2204
46059.6386 252022578.0726 292305077.8107 249887967.7239 292052727.4045
46071.0288 252030010.7618 292289436.3353 249879196.6918 292060209.3903
46082.5066 252037363.7356 292273659.6849 249870357.9449 292067748.6737
46094.0744 252044636.8866 292257746.0736 249861449.6875 292075346.7756
46105.7345 252051830.0843 292241693.6577 249852470.0866 292083005.2482
46117.4893 252058943.1645 292225500.5570 249843417.2834 292090725.6651
46129.3413 252065975.9324 292209164.8472 249834289.3885 292098509.6258
46141.2930 252072928.1684 292192684.5438 249825084.4721 292106358.7635
46153.3470 252079799.6195 292176057.6196 249815800.5730 292114274.7376
46165.5057 252086590.0004 292159282.0020 249806435.6970 292122259.2354
46177.7718 252093298.9948 292142355.5649 249796987.8111 292130313.9762
46190.1481 252099926.2550 292125276.1305 249787454.8441 292138440.7119
46202.6372 252106471.3973 292108041.4763 249777834.6898 292146641.2231
46215.2420 252112934.0065 292090649.3220 249768125.1991 292154917.3269
46227.9652 252119313.6310 292073097.3401 249758324.1847 292163270.8716
46240.8097 252125609.7844 292055383.1493 249748429.4174 292171703.7413
46253.7785 252131821.9439 292037504.3146 249738438.6248 292180217.8557
46266.8745 252137949.5509 292019458.3456 249728349.4900 292188815.1719
46280.1009 252143992.0075 292001242.7009 249718159.6530 292197497.6831
46293.4607 252149948.6786 291982854.7811 249707866.7062 292206267.4222
46306.9571 252155818.8907 291964291.9273 249697468.1924 292215126.4635
46320.5934 252161601.9301 291945551.4250 249686961.6068 292224076.9213
46334.3728 252167297.0421 291926630.5015 249676344.3938 292233120.9520
46348.2987 252172903.4309 291907526.3247 249665613.9464 292242260.7551
46362.3746 252178420.2582 291888236.0012 249654767.6036 292251498.5753
46376.6039 252183846.6440 291868756.5724 249643802.6475 292260836.7047
46390.9904 252189181.6636 291849085.0180 249632716.3044 292270277.4819
46405.5375 252194424.3471 291829218.2553 249621505.7433 292279823.2935
46420.2491 252199573.6794 291809153.1327 249610168.0717 292289476.5773
46435.1290 252204628.5985 291788886.4336 249598700.3359 292299239.8220
46450.1810 252209587.9950 291768414.8709 249587099.5181 292309115.5702
46465.4092 252214450.7104 291747735.0884 249575362.5350 292319106.4187
46480.8176 252219215.5368 291726843.6580 249563486.2360 292329215.0206
46496.4103 252223881.2156 291705737.0763 249551467.3995 292339444.0879
46512.1917 252228446.4358 291684411.7686 249539302.7345 292349796.3909
46528.1661 252232909.8335 291662864.0802 249526988.8746 292360274.7623
46544.3379 252237269.9912 291641090.2766 249514522.3763 292370882.0992
46560.7117 252241525.4344 291619086.5481 249501899.7209 292381621.3612
46577.2921 252245674.6325 291596848.9993 249489117.3074 292392495.5766
46594.0838 252249715.9962 291574373.6542 249476171.4534 292403507.8411
46611.0918 252253647.8774 291551656.4447 249463058.3880 292414661.3242
46628.3210 252257468.5662 291528693.2187 249449774.2547 292425959.2667
46645.7765 252261176.2907 291505479.7317 249436315.1051 292437404.9857
46663.4635 252264769.2145 291482011.6463 249422676.8973 292449001.8758
46681.3874 252268245.4352 291458284.5337 249408855.4952 292460753.4101
46699.5536 252271602.9835 291434293.8642 249394846.6616 292472663.1457
46717.9677 252274839.8210 291410035.0078 249380646.0570 292484734.7245
46736.6354 252277953.8380 291385503.2338 249366249.2375 292496971.8750
46755.5627 252280942.8524 291360693.7056 249351651.6503 292509378.4163
46774.7555 252283804.6076 291335601.4763 249336848.6293 292521958.2613
46794.2200 252286536.7701 291310221.4895 249321835.3940 292534715.4177
46813.9626 252289136.9272 291284548.5791 249306607.0473 292547653.9900
46833.9896 252291602.5860 291258577.4573 249291158.5667 292560778.1864
46854.3077 252293931.1700 291232302.7189 249275484.8049 292574092.3186
46874.9238 252296120.0180 291205718.8308 249259580.4815 292587600.8085
46895.8447 252298166.3801 291178820.1399 249243440.1857 292601308.1859
46917.0777 252300067.4168 291151600.8581 249227058.3652 292615219.0975
46938.6301 252301820.1955 291124055.0648 249210429.3255 292629338.3077
46960.5094 252303421.6881 291096176.7026 249193547.2251 292643670.7025
46982.7233 252304868.7680 291067959.5732 249176406.0708 292658221.2931
47005.2797 252306158.2078 291039397.3302 249158999.7104 292672995.2219
47028.1869 252307286.6759 291010483.4777 249141321.8302 292687997.7649
47051.4530 252308250.7331 290981211.3700 249123365.9516 292703234.3338
47075.0867 252309046.8299 290951574.2000 249105125.4216 292718710.4844
47099.0968 252309671.3033 290921564.9974 249086593.4091 292734431.9192
47123.4923 252310120.3727 290891176.6229 249067762.8981 292750404.4931
47148.2825 252310390.1366 290860401.7681 249048626.6851 292766634.2152
47173.4768 252310476.5692 290829232.9454 249029177.3698 292783127.2568
47199.0851 252310375.5159 290797662.4827 249009407.3483 292799889.9567
47225.1174 252310082.6900 290765682.5226 248989308.8100 292816928.8234
47251.5841 252309593.6677 290733285.0086 248968873.7250 292834250.5458
47278.4957 252308903.8844 290700461.6874 248948093.8425 292851861.9942
47305.8631 252308008.6300 290667204.0990 248926960.6810 292869770.2284
47333.6976 252306903.0440 290633503.5687 248905465.5191 292887982.5048
47362.0107 252305582.1109 290599351.2046 248883599.3908 292906506.2804
47390.8142 252304040.6548 290564737.8860 248861353.0734 292925349.2226
47420.1202 252302273.3346 290529654.2601 248838717.0820 292944519.2136
47449.9415 252300274.6382 290494090.7360 248815681.6610 292964024.3571
47480.2907 252298038.8766 290458037.4692 248792236.7696 292983872.9900
47511.1813 252295560.1785 290421484.3647 248768372.0799 293004073.6839
47542.6267 252292832.4839 290384421.0597 248744076.9603 293024635.2586
47574.6412 252289849.5375 290346836.9206 248719340.4689 293045566.7870
47607.2391 252286604.8821 290308721.0283 248694151.3392 293066877.6071
47640.4353 252283091.8518 290270062.1765 248668497.9733 293088577.3268
47674.2451 252279303.5650 290230848.8579 248642368.4274 293110675.8358
47708.6843 252275232.9160 290191069.2530 248615750.3992 293133183.3158
47743.7692 252270872.5679 290150711.2189 248588631.2143 293156110.2511
47779.5165 252266214.9441 290109762.2833 248560997.8163 293179467.4366
47815.9435 252261252.2198 290068209.6292 248532836.7502 293203265.9909
47853.0678 252255976.3140 290026040.0910 248504134.1533 293227517.3633
47890.9078 252250378.8788 289983240.1302 248474875.7324 293252233.3525
47929.4825 252244451.2905 289939795.8301 248445046.7529 293277426.1147
47968.8111 252238184.6397 289895692.8820 248414632.0221 293303108.1770
48008.9139 252231569.7210 289850916.5747 248383615.8751 293329292.4484
48049.8114 252224597.0210 289805451.7699 248351982.1496 293355992.2401
48091.5250 252217256.7077 289759282.8965 248319714.1739 293383221.2746
48134.0767 252209538.6185 289712393.9322 248286794.7461 293410993.7020
48177.4893 252201432.2483 289664768.3903 248253206.1160 293439324.1144
48221.7861 252192926.7354 289616389.2982 248218929.9612 293468227.5648
48266.9912 252184010.8491 289567239.1827 248183947.3673 293497719.5823
48313.1298 252174672.9741 289517300.0494 248148238.8037 293527816.1914
48360.2275 252164901.0981 289466553.3701 248111784.1046 293558533.9264
48408.3109 252154682.7933 289414980.0512 248074562.4361 293589889.8577
48457.4075 252144005.2023 289362560.4228 248036552.2773 293621901.6061
48507.5458 252132855.0212 289309274.2152 247997731.3922 293654587.3645
48558.7549 252121218.4816 289255100.5355 247958076.8011 293687965.9205
48611.0653 252109081.3311 289200017.8405 247917564.7490 293722056.6811
48664.5082 252096428.8161 289144003.9185 247876170.6789 293756879.6926
48719.1161 252083245.6595 289087035.8571 247833869.1959 293792455.6693
48774.9223 252069516.0407 289029090.0204 247790634.0362 293828806.0166
48831.9615 252055223.5736 288970142.0201 247746438.0316 293865952.8590
48890.2695 252040351.2815 288910166.6811 247701253.0689 293903919.0709
48949.8833 252024881.5758 288849138.0197 247655050.0587 293942728.3009
49010.8413 252008796.2272 288787029.2003 247607798.8866 293982405.0092
49073.1831 251992076.3416 288723812.5109 247559468.3776 294022974.4943
49136.9498 251974702.3308 288659459.3233 247510026.2493 294064462.9291
49202.1839 251956653.8839 288593940.0584 247459439.0673 294106897.3950
49268.9294 251937909.9349 288527224.1418 247407672.1918 294150305.9226
49337.2318 251918448.6311 288459279.9655 247354689.7293 294194717.5280
49407.1385 251898247.2998 288390074.8485 247300454.4813 294240162.2517
49478.6983 251877282.4110 288319574.9860 247244927.8836 294286671.2048
49551.9620 251855529.5407 288247745.4040 247188069.9493 294334276.6118
49626.9822 251832963.3323 288174549.9149 247129839.2099 294383011.8544
49703.8134 251809557.4528 288099951.0560 247070192.6439 294432911.5261
49782.5122 251785284.5510 288023910.0418 247009085.6131 294484011.4791
49863.1372 251760116.2122 287946386.7069 246946471.7918 294536348.8770
49945.7493 251734022.9056 287867339.4354 246882303.0825 294589962.2589
50030.4117 251706973.9389 287786725.1105 246816529.5470 294644891.5889
50117.1899 251678937.4011 287704499.0399 246749099.3171 294701178.3235
50206.1522 251649880.1067 287620614.8852 246679958.5060 294758865.4765
50297.3691 251619767.5358 287535024.5887 246609051.1162 294817997.6874
50390.9143 251588563.7718 287447678.2946 246536318.9412 294878621.2928
50486.8640 251556231.4357 287358524.2701 246461701.4662 294940784.4001
50585.2977 251522731.6159 287267508.8170 246385135.7570 295004536.9676
50686.2978 251488023.7921 287174576.1732 246306556.3409 295069930.8925
50789.9502 251452065.7608 287079668.4265 246225895.0939 295137020.0918
50896.3441 251414813.5490 286982725.4017 246143081.1041 295205860.6017
51005.5724 251376221.3302 286883684.5611 246058040.5446 295276510.6695
51117.7318 251336241.3322 286782480.8902 245970696.5302 295349030.8551
51232.9229 251294823.7375 286679046.7716 245880968.9627 295423484.1437
51351.2505 251251916.5802 286573311.8589 245788774.3729 295499936.0579
51472.8238 251207465.6388 286465202.9458 245694025.7555 295578454.7748
51597.7565 251161414.3197 286354643.8221 245596632.3903 295659111.2526
51726.1673 251113703.5357 286241555.1258 245496499.6566 295741979.3615
51858.1796 251064271.5725 286125854.1745 245393528.8263 295827136.0298
51993.9225 251013053.9534 286007454.8019 245287616.8579 295914661.3877
52133.5303 250959983.2935 285886267.1804 245178656.1748 296004638.9210
52277.1435 250904989.1426 285762197.6256 245066534.4236 296097155.6402
52424.9085 250847997.8216 285635148.3984 244951134.2265 296192302.2500
52576.9782 250788932.2460 285505017.4867 244832332.9110 296290173.3361
52733.5126 250727711.7407 285371698.3821 244710002.2308 296390867.5554
52894.6785 250664251.8406 285235079.8330 244584008.0608 296494487.8444
53060.6504 250598464.0794 285095045.5895 244454210.0792 296601141.6332
53231.6108 250530255.7659 284951474.1293 244320461.4280 296710941.0755
53407.7506 250459529.7435 284804238.3663 244182608.3515 296824003.2897
53589.2694 250386184.1375 284653205.3437 244040489.8153 296940450.6121
53776.3763 250310112.0784 284498235.8947 243893937.0886 297060410.8753
53969.2900 250231201.4140 284339184.2956 243742773.3140 297184017.6898
54168.2399 250149334.3995 284175897.8897 243586813.0430 297311410.7481
54373.4661 250064387.3651 284008216.6841 243425861.7384 297442736.1478
54585.2204 249976230.3644 283835972.9264 243259715.2519 297578146.7281
54803.7668 249884726.7950 283658990.6447 243088159.2578 297717802.4330
55029.3823 249789732.9915 283477085.1559 242910968.6498 297861870.6953
55262.3574 249691097.7944 283290062.5460 242727906.9009 298010526.8395
55502.9974 249588662.0841 283097719.1094 242538725.3772 298163954.5126
55751.6226 249482258.2850 282899840.7519 242343162.6047 298322346.1381
56008.5698 249371709.8297 282696202.3459 242140943.4833 298485903.4013
56274.1928 249256830.5878 282486567.0457 241931778.4488 298654837.7597
56548.8637 249137424.2557 282270685.5579 241715362.5824 298829370.9799
56832.9740 249013283.6908 282048295.3402 241491374.6385 299009735.7217
57126.9357 248884190.2055 281819119.7592 241259476.0200 299196176.1441
57431.1824 248749912.8086 281582867.1859 241019309.6809 299388948.5470
57746.1710 248610207.3804 281339230.0080 240770498.9337 299588322.0646
58072.3827 248464815.7972 281087883.5913 240512646.1932 299794579.3817
58410.3250 248313464.9770 280828485.1406 240245331.6066 300008017.5106
58760.5329 248155865.8617 280560672.4931 239968111.6029 300228948.5984
59123.5709 247991712.3167 280284062.8136 239680517.3294 300457700.7868
59500.0349 247820679.9428 279998251.1864 239382052.9697 300694619.1241
59890.5539 247642424.8029 279702809.1129 239072193.9526 300940066.5172
60295.7925 247456582.0389 279397282.8758 238750385.0111 301194424.7517
60716.4529 247262764.3901 279081191.7969 238416038.1193 301458095.5504
61153.2774 247060560.5925 278754026.3550 238068530.2731 301731501.6915
61607.0511 246849533.6514 278415246.1592 237707201.1090 302015088.1836
62078.6044 246629218.9830 278064277.7746 237331350.3615 302309323.4886
62568.8161 246399122.4093 277700512.3801 236940235.1348 302614700.8022
63078.6167 246158717.9995 277323303.2543 236533066.9905 302931739.3808
63608.9911 245907445.7472 276931963.0772 236109008.8378 303260985.9133
64160.9826 245644709.0793 276525761.0467 235667171.6298 303603015.9237
64735.6964 245369872.1789 276103919.7900 235206610.8477 303958435.2033
65334.3034 245082257.1137 275665612.0591 234726322.7686 304327881.2610
65958.0442 244781140.7765 275209957.2303 234225240.5417 304712024.7568
66608.2332 244465751.6156 274736017.5759 233702230.0503 305111570.9154
67286.2630 244135266.1804 274242794.3523 233156085.6158 305527260.8598
67993.6088 243788805.4570 273729223.6707 232585525.5203 305959872.8590
68731.8323 243425431.0364 273194172.2157 231989187.4343 306410223.4041
69502.5864 243044141.1209 272636432.8223 231365623.7811 306879168.0630
70307.6194 242643866.4227 272054719.9874 230713297.1429 307367602.0138
71148.7782 242223465.9942 271447665.3714 230030575.7988 307876460.1635
72028.0119 241781723.0934 270813813.4289 229315729.5800 308406716.6946
72947.3742 241317341.1903 270151617.3087 228566926.2377 308959383.8745
73909.0244 240828940.2689 269459435.2232 227782228.5914 309535509.9207
74915.2273 240315053.6612 268735527.5926 226959592.8508 310136175.6274
75968.3506 239774125.6758 267978055.2958 226096868.5435 310762489.4535
77070.8593 239204510.4198 267185079.5307 225191800.6799 311415580.6443
78225.3073 238604472.2892 266354563.8752 224242034.8948 312096589.9158
79434.3228 237972188.7534 265484379.3219 223245126.5154 312806657.1241
80700.5886 237305756.2183 264572313.2471 222198554.7206 313546905.2484
82026.8144 236603199.9196 263616083.4680 221099743.1716 314318419.9394
83415.7000 235862488.9877 262613358.7550 219946088.7233 315122223.8271
84869.8864 235081557.9948 261561787.3539 218735000.0080 315959244.7765
86391.8947 234258336.4273 260459035.1925 217463947.7833 316830277.3616
87984.0492 233390787.5145 259302835.3942 216130528.7906 317735937.0951
89648.3852 232476957.6817 258091050.4565 214732544.4806 318676607.3979
91386.5397 231515037.4013 256821747.7871 213268095.0561 319652380.0621
93199.6292 230503433.3137 255493288.1188 211735687.7848 320662991.0809
95088.1164 229440850.0756 254104424.5355 210134356.3070 321707755.1901
97051.6762 228326378.4562 252654407.4587 208463784.7685 322785504.1962
99089.0698 227159583.9053 251143088.1726 206724427.3385 323894535.8669
101198.0435 225940587.4945 249571010.7642 204917610.5912 325032581.4235
103375.2670 224670129.4881 247939480.5793 203045604.3928 326196799.8278
105616.3272 223349605.4831 246250597.2472 201111647.2923 327383805.6311
107915.7871 221981066.7934 244507242.8199 199119915.8540 328589733.8078
110267.3135 220567180.6495 242713020.6592 197075433.8874 329810340.0755
112663.8649 219111151.2736 240872147.5901 194983926.0229 331041129.6899
115097.9232 217616608.7787 238989308.9731 192851628.6408 332277502.9637
117561.7466 216087477.5351 237069491.8013 190685077.4291 333514903.1594
120047.6169 214527837.9133 235117813.2309 188490893.1620 334748952.6840
122548.0601 212941794.8366 233139360.8703 186275585.4559 335975566.3396
125056.0249 211333363.6727 231139057.1788 184045389.0270 337191034.9229
127565.0108 209706379.8918 229121555.0456 181806140.3077 338392077.2776
130069.1470 208064434.6713 227091166.3477 179563195.8069 339575862.9859
132563.2264 206410835.2054 225051821.1702 177321388.6546 340740010.5563
135042.7043 204748586.2074 223007052.7640 175085016.7507 341882567.1959
137503.6713 203080388.0686 220960002.2568 172857854.8155 343001976.2540
139942.8083 201408647.0036 218913437.1593 170643182.8331 344097037.6826
142357.3327 199735493.0291 216869778.4889 168443824.4528 345166865.7229
144744.9407 198062802.3701 214831132.3557 166262190.2473 346210846.8669
147103.7498 196392221.7532 212799322.9810 164100322.1545 347228600.0755
149432.2440 194725192.8069 210775925.0795 161959936.6260 348219940.4030
151729.2239 193062975.4256 208762294.3294 159842464.9872 349184846.5484
153993.7616 191406669.4199 206759595.2192 157749090.2014 350123432.4472
156225.1609 189757234.1422 204768825.9972 155680779.7595 351035922.7353
158422.9228 188115505.9925 202790840.6992 153638314.7112 351922631.7803
160586.7155 186482213.8540 200826368.3918 151622315.0518 352783945.9029
162716.3487 184857992.6053 198876029.8711 149633261.7836 353620308.3910
164811.7512 183243394.8833 196940352.0823 147671516.0097 354432206.9265
166872.9528 181638901.2828 195019780.5214 145737335.4015 355220163.0791
168900.0676 180044929.2012 193114689.9099 143830888.4088 355984723.5446
170893.2807 178461840.4860 191225393.3516 141952266.4927 356726452.8666
172852.8368 176889948.0579 189352150.2060 140101494.6743 357445927.4002
174779.0299 175329521.6551 187495172.8652 138278540.6410 358143730.3178
176672.1952 173780792.8114 185654632.5841 136483322.6070 358820447.4937
178532.7018 172243959.1928 183830664.5221 134715716.1247 359476664.1177
180360.9467 170719188.3723 182023372.0990 132975559.9844 360112961.9252
182157.3496 169206621.1255 180232830.7710 131262661.3388 360729916.9414
183922.3481 167706374.3195 178459091.3161 129576800.1647 361328097.6548
185656.3943 166218543.4458 176702182.6935 127917733.1516 361908063.5532
187359.9516 164743204.8505 174962114.5432 126285197.0979 362470363.9606
189033.4914 163280417.7007 173238879.3745 124678911.8827 363015537.1288
190677.4910 161830225.7279 171532454.4909 123098583.0743 363544109.5391
192292.4317 160392658.7661 169842803.6772 121543904.2122 364056595.3854
193878.7969 158967734.1278 168169878.6973 120014558.8214 364553496.2022
195437.0704 157555457.8233 166513620.6120 118510222.1798 365035300.6198
196967.7356 156155825.6531 164873960.9509 117030562.8775 365502484.2224
198471.2739 154768824.1849 163250822.7534 115575244.1927 365955509.4926
199948.1639 153394431.6316 161644121.4969 114143925.3066 366394825.8277
201398.8809 152032618.6377 160053765.9226 112736262.3744 366820869.6158
202823.8959 150683348.9880 158479658.7736 111351909.4711 367234064.3616
204223.6752 149346580.2512 156921697.4612 109990519.4319 367634820.8506
205598.6797 148022264.3575 155379774.6582 108651744.5901 368023537.3470
206949.3649 146710348.1254 153853778.8361 107335237.4329 368400599.8172
208276.1800 145410773.7352 152343594.7436 106040651.1762 368766382.1752
209579.5684 144123479.1663 150849103.8472 104767640.2774 369121246.5419
210859.9667 142848398.5904 149370184.7224 103515860.8843 369465543.5190
212117.8049 141585462.7275 147906713.4062 102284971.2262 369799612.4714
213353.5064 140334599.1802 146458563.7257 101074631.9678 370123781.8141
214567.4877 139095732.7311 145025607.5881 99884506.5100 370438369.3050
215760.1583 137868785.6181 143607715.2467 98714261.2576 370743682.3389
216931.9207 136653677.7878 142204755.5446 97563565.8511 371040018.2409
218083.1706 135450327.1262 140816596.1335 96432093.3686 371327664.5602
219214.2965 134258649.6712 139443103.6752 95319520.4986 371606899.3601
220325.6799 133078559.8119 138084144.0287 94225527.6930 371877991.5052
221417.6956 131909970.4645 136739582.4121 93149799.2899 372141200.9450
222490.7113 130752793.2417 135409283.5604 92092023.6239 372396778.9922
223545.0878 129606938.6051 134093111.8633 91051893.1146 372644968.5958
224581.1793 128472316.0087 132790931.4961 90029104.3419 372886004.6088
225599.3331 127348834.0276 131502606.5344 89023358.1027 373120114.0497
226599.8899 126236400.4798 130228001.0622 88034359.4579 373347516.3582
227583.1840 125134922.5397 128966979.2723 87061817.7681 373568423.6436
228549.5431 124044306.8422 127719405.5571 86105446.7182 373783040.9275
229499.2884 122964459.5782 126485144.5899 85164964.3309 373991566.3797
230432.7350 121895286.5830 125264061.4011 84240092.9729 374194191.5476
231350.1917 120836693.4212 124056021.4496 83330559.3556 374391101.5783
232251.9613 119788585.4622 122860890.6849 82436094.5254 374582475.4351
233138.3406 118750867.9529 121678535.6083 81556433.8520 374768486.1070
234009.6204 117723446.0810 120508823.3228 80691317.0057 374949300.8115
234866.0858 116706225.0415 119351621.5875 79840487.9378 375125081.1913
235708.0163 115699110.0892 118206798.8583 79003694.8484 375295983.5052
236535.6857 114702006.5936 117074224.3309 78180690.1561 375462158.8119
237349.3623 113714820.0895 115953767.9792 77371230.4621 375623753.1486
238149.3092 112737456.3203 114845300.5881 76575076.5115 375780907.7037
238935.7840 111769821.2833 113748693.7871 75791993.1527 375933758.9829
239709.0393 110811821.2671 112663820.0768 75021749.2933 376082438.9711
240469.3226 109863362.8888 111590552.8553 74264117.8544 376227075.2879
241216.8763 108924353.1285 110528766.4423 73518875.7240 376367791.3377
241951.9382 107994699.3612 109478336.1007 72785803.7086 376504706.4557
242674.7410 107074309.3838 108439138.0532 72064686.4811 376637936.0478
243385.5130 106163091.4457 107411049.5037 71355312.5329 376767591.7264
244084.4777 105260954.2710 106393948.6489 70657474.1193 376893781.4408
244771.8542 104367807.0829 105387714.6938 69970967.2078 377016609.6043
245447.8572 103483559.6262 104392227.8652 69295591.4258 377136177.2149
246112.6972 102608122.1841 103407369.4183 68631150.0044 377252581.9745
246766.5803 101741405.5985 102433021.6493 67977449.7260 377365918.4010
247409.7085 100883321.2872 101469067.9031 67334300.8703 377476277.9387
248042.2798 100033781.2582 100515392.5795 66701517.1593 377583749.0637
248664.4882 99192698.1243 99571881.1390 66078915.7028 377688417.3858
249276.5238 98359985.1154 98638420.1075 65466316.9446 377790365.7472
249878.5730 97535556.0899 97714897.0790 64863544.6066 377889674.3173
250470.8185 96719325.5477 96801200.7211 64270425.6380 377986420.6840
251053.4390 95911208.6376 95897220.7750 63686790.1590 378080679.9421
251626.6101 95111121.1674 95002848.0576 63112471.4088 378172524.7788
252190.5037 94318979.6096 94117974.4593 62547305.6905 378262025.5557
252745.2882 93534701.1114 93242492.9484 61991132.3216 378349250.3880
253291.1287 92758203.4979 92376297.5654 61443793.5788 378434265.2212
253828.1872 91989405.2800 91519283.4251 60905134.6486 378517133.9044
254356.6222 91228225.6587 90671346.7135 60375003.5756 378597918.2621
254876.5893 90474584.5281 89832384.6846 59853251.2113 378676678.1621
255388.2409 89728402.4802 89002295.6582 59339731.1648 378753471.5824
255891.7264 88989600.8067 88180979.0153 58834299.7526 378828354.6747
256387.1923 88258101.5017 87368335.1949 58336815.9504 378901381.8258
256874.7822 87533827.2638 86564265.6896 57847141.3448 378972605.7178
257354.6368 86816701.4972 85768673.0406 57365140.0856 379042077.3845
257826.8941 86106648.3132 84981460.8336 56890678.8394 379109846.2672
258291.6895 85403592.5317 84202533.6940 56423626.7439 379175960.2680
258749.1555 84707459.6776 83431797.2782 55963855.3604 379240465.8013
259199.4222 84018175.9834 82669158.2700 55511238.6302 379303407.8435
259642.6171 83335668.3884 81914524.3746 55065652.8307 379364829.9808
260078.8653 82659864.5356 81167804.3099 54626976.5305 379424774.4556
260508.2893 81990692.7722 80428907.8020 54195090.5479 379483282.2109
260931.0093 81328082.1504 79697745.5807 53769877.9099 379540392.9335
261347.1432 80671962.4187 78974229.3656 53351223.8067 379596145.0957
261756.8066 80022264.0258 78258271.8652 52939015.5549 379650575.9950
262160.1128 79378918.1152 77549786.7661 52533142.5552 379703721.7933
262557.1729 78741856.5241 76848688.7277 52133496.2540 379755617.5537
262948.0961 78111011.7804 76154893.3746 51739970.1050 379806297.2770
263332.9892 77486317.0979 75468317.2862 51352459.5294 379855793.9363
263711.9570 76867706.3735 74788877.9899 50970861.8790 379904139.5107
264085.1025 76255114.1859 74116493.9558 50595076.4012 379951365.0175
264452.5264 75648475.7891 73451084.5849 50225004.2004 379997500.5438
264814.3278 75047727.1117 72792570.2050 49860548.2050 380042575.2764
265170.6036 74452804.7491 72140872.0578 49501613.1296 380086617.5314
265521.4491 73863645.9624 71495912.2943 49148105.4433 380129654.7820
265866.9577 73280188.6730 70857613.9650 48799933.3348 380171713.6858
266207.2210 72702371.4587 70225901.0117 48457006.6798 380212820.1112
266542.3288 72130133.5497 69600698.2608 48119237.0093 380252999.1627
266872.3694 71563414.8231 68981931.4121 47786537.4764 380292275.2052
267197.4292 71002155.7979 68369527.0316 47458822.8259 380330671.8881
267517.5930 70446297.6324 67763412.5441 47136009.3640 380368212.1678
267832.9443 69895782.1188 67163516.2251 46818014.9287 380404918.3297
268143.5646 69350551.6760 66569767.1891 46504758.8584 380440812.0101
268449.5341 68810549.3474 65982095.3843 46196161.9650 380475914.2161
268750.9315 68275718.7945 65400431.5826 45892146.5043 380510245.3460
269047.8340 67746004.2917 64824707.3710 45592636.1484 380543825.2084
269340.3174 67221350.7234 64254855.1458 45297555.9597 380576673.0406
269628.4559 66701703.5765 63690808.1010 45006832.3625 380608807.5269
269912.3225 66187008.9360 63132500.2213 44720393.1177 380640246.8156
270191.9888 65677213.4796 62579866.2731 44438167.2963 380671008.5362
270467.5250 65172264.4732 62032841.7972 44160085.2549 380701109.8151
270739.0002 64672109.7656 61491363.1004 43886078.6113 380730567.2917
271006.4819 64176697.7829 60955367.2468 43616080.2193 380759397.1333
271270.0367 63685977.5224 60424792.0484 43350024.1449 380787615.0498
271529.7296 63199898.5492 59899576.0596 43087845.6442 380815236.3079
271785.6248 62718410.9887 59379658.5661 42829481.1389 380842275.7450
272037.7851 62241465.5235 58864979.5792 42574868.1953 380868747.7818
272286.2721 61769013.3866 58355479.8265 42323945.5013 380894666.4357
272531.1463 61301006.3560 57851100.7434 42076652.8454 380920045.3331
272772.4673 60837396.7513 57351784.4675 41832931.0958 380944897.7209
273010.2933 60378137.4264 56857473.8279 41592722.1794 380969236.4787
273244.6817 59923181.7640 56368112.3381 41355969.0607 380993074.1297
273475.6886 59472483.6722 55883644.1894 41122615.7233 381016422.8512
273703.3694 59025997.5787 55404014.2428 40892607.1502 381039294.4858
273927.7782 58583678.4235 54929168.0191 40665889.3033 381061700.5509
274148.9683 58145481.6568 54459051.6952 40442409.1065 381083652.2489
274366.9919 57711363.2320 53993612.0931 40222114.4264 381105160.4762
274581.9004 57281279.5992 53532796.6728 40004954.0535 381126235.8331
274793.7443 56855187.7032 53076553.5271 39790877.6864 381146888.6320
275002.5729 56433044.9761 52624831.3721 39579835.9133 381167128.9065
275208.4349 56014809.3334 52177579.5413 39371780.1955 381186966.4191
275411.3781 55600439.1678 51734747.9768 39166662.8504 381206410.6700
275611.4494 55189893.3436 51296287.2219 38964437.0350 381225470.9045
275808.6948 54783131.1945 50862148.4171 38765056.7312 381244156.1204
276003.1595 54380112.5159 50432283.2897 38568476.7291 381262475.0755
276194.8879 53980797.5606 50006644.1478 38374652.6114 381280436.2947
276383.9238 53585147.0337 49585183.8731 38183540.7393 381298048.0769
276570.3100 53193122.0885 49167855.9151 37995098.2373 381315318.5012
276754.0885 52804684.3207 48754614.2832 37809282.9786 381332255.4339
276935.3007 52419795.7656 48345413.5419 37626053.5722 381348866.5342
277113.9873 52038418.8893 47940208.8005 37445369.3469 381365159.2607
277290.1882 51660516.5867 47538955.7087 37267190.3388 381381140.8768
277463.9426 51286052.1769 47141610.4507 37091477.2787 381396818.4567
277635.2890 50914989.3978 46748129.7379 36918191.5780 381412198.8905
277804.2652 50547292.4013 46358470.8025 36747295.3166 381427288.8898
277970.9086 50182925.7488 45972591.3907 36578751.2295 381442094.9928
278135.2555 49821854.4070 45590449.7576 36412522.6958 381456623.5689
278297.3419 49464043.7424 45212004.6598 36248573.7251 381470880.8242
278457.2030 49109459.5167 44837215.3488 36086868.9468 381484872.8056
278614.8736 48758067.8834 44466041.5662 35927373.5978 381498605.4054
278770.3877 48409835.3835 44098443.5385 35770053.5123 381512084.3660
278923.7788 48064728.9403 43734381.9691 35614875.1097 381525315.2838
279075.0797 47722715.8543 43373818.0328 35461805.3836 381538303.6136
279224.3229 47383763.8011 43016713.3719 35310811.8921 381551054.6722
279371.5399 47047840.8245 42663030.0871 35161862.7461 381563573.6427
279516.7622 46714915.3347 42312730.7355 35014926.6002 381575865.5781
279660.0203 46384956.1018 41965778.3219 34869972.6414 381587935.4049
279801.3445 46057932.2535 41622136.2950 34726970.5804 381599787.9264
279940.7643 45733813.2694 41281768.5409 34585890.6412 381611427.8267
280078.3089 45412568.9787 40944639.3792 34446703.5521 381622859.6735
280214.0070 45094169.5550 40610713.5561 34309380.5361 381634087.9214
280347.8867 44778585.5114 40279956.2386 34173893.3014 381645116.9153
280479.9757 44465787.6984 39952333.0115 34040214.0335 381655950.8930
280610.3012 44155747.2987 39627809.8697 33908315.3854 381666593.9888
280738.8899 43848435.8238 39306353.2151 33778170.4697 381677050.2353
280865.7681 43543825.1110 38987929.8512 33649752.8503 381687323.5673
280990.9617 43241887.3177 38672506.9769 33523036.5333 381697417.8237
281114.4961 42942594.9192 38360052.1825 33397995.9597 381707336.7503
281236.3962 42645920.7028 38050533.4433 33274605.9968 381717084.0027
281356.6867 42351837.7683 37743919.1185 33152841.9316 381726663.1480
281475.3917 42060319.5200 37440177.9425 33032679.4619 381736077.6679
281592.5350 41771339.6646 37139279.0211 32914094.6890 381745330.9606
281708.1398 41484872.2089 36841191.8285 32797064.1114 381754426.3431
281822.2292 41200891.4547 36545886.2013 32681564.6165 381763367.0536
281934.8258 40919371.9959 36253332.3343 32567573.4742 381772156.2531
282045.9517 40640288.7150 35963500.7758 32455068.3296 381780797.0282
282155.6287 40363616.7791 35676362.4230 32344027.1962 381789292.3923
282263.8785 40089331.6375 35391888.5183 32234428.4497 381797645.2880
282370.7220 39817409.0172 35110050.6440 32126250.8210 381805858.5889
282476.1801 39547824.9215 34830820.7197 32019473.3903 381813935.1013
282580.2732 39280555.6244 34554170.9961 31914075.5803 381821877.5662
282683.0213 39015577.6689 34280074.0521 31810037.1505 381829688.6608
282784.4443 38752867.8629 34008502.7897 31707338.1908 381837371.0000
282884.5615 38492403.2781 33739430.4324 31605959.1162 381844927.1386
282983.3921 38234161.2441 33472830.5179 31505880.6604 381852359.5724
283080.9550 37978119.3454 33208676.8949 31407083.8698 381859670.7396
283177.2685 37724255.4201 32946943.7200 31309550.0986 381866863.0230
283272.3510 37472547.5574 32687605.4553 31213261.0037 381873938.7506
283366.2202 37222974.0926 32430636.8619 31118198.5386 381880900.1974
283458.8939 36975513.6059 32176012.9983 31024344.9483 381887749.5870
283550.3893 36730144.9166 31923709.2136 30931682.7639 381894489.0924
283640.7235 36486847.0833 31673701.1468 30840194.7978 381901120.8376
283729.9133 36245599.3991 31425964.7215 30749864.1389 381907646.8989
283817.9751 36006381.3915 31180476.1450 30660674.1478 381914069.3059
283904.9252 35769172.8161 30937211.9008 30572608.4515 381920390.0428
283990.7796 35533953.6556 30696148.7473 30485650.9389 381926611.0496
284075.5540 35300704.1173 30457263.7149 30399785.7567 381932734.2231
284159.2638 35069404.6295 30220534.1008 30314997.3040 381938761.4180
284241.9243 34840035.8406 29985937.4678 30231270.2287 381944694.4482
284323.5504 34612578.6143 29753451.6391 30148589.4230 381950535.0872
284404.1569 34387014.0283 29523054.6960 30066940.0185 381956285.0700
284483.7583 34163323.3716 29294724.9746 29986307.3828 381961946.0933
284562.3688 33941488.1411 29068441.0616 29906677.1149 381967519.8167
284640.0026 33721490.0406 28844181.7931 29828035.0415 381973007.8638
284716.6733 33503310.9773 28621926.2497 29750367.2129 381978411.8228
284792.3946 33286933.0592 28401653.7541 29673659.8990 381983733.2477
284867.1800 33072338.5941 28183343.8688 29597899.5859 381988973.6586
284941.0425 32859510.0853 27966976.3918 29523072.9717 381994134.5433
285013.9952 32648430.2303 27752531.3540 29449166.9630 381999217.3573
285086.0508 32439081.9183 27539989.0167 29376168.6714 382004223.5251
285157.2219 32231448.2281 27329329.8689 29304065.4100 382009154.4409
285227.5208 32025512.4261 27120534.6243 29232844.6899 382014011.4691
285296.9597 31821257.9627 26913584.2171 29162494.2167 382018795.9452
285365.5507 31618668.4713 26708459.8014 29093001.8870 382023509.1764
285433.3055 31417727.7666 26505142.7477 29024355.7858 382028152.4425
285500.2357 31218419.8409 26303614.6395 28956544.1828 382032726.9962
285566.3527 31020728.8629 26103857.2714 28889555.5289 382037234.0640
285631.6679 30824639.1754 25905852.6458 28823378.4539 382041674.8467
285696.1922 30630135.2940 25709582.9720 28758001.7632 382046050.5203
285759.9367 30437201.9034 25515030.6611 28693414.4344 382050362.2362
285822.9120 30245823.8562 25322178.3247 28629605.6146 382054611.1218
285885.1287 30055986.1716 25131008.7733 28566564.6179 382058798.2816
285946.5973 29867674.0326 24941505.0127 28504280.9221 382062924.7968
286007.3280 29680872.7839 24753650.2417 28442744.1663 382066991.7270
286067.3308 29495567.9308 24567427.8499 28381944.1478 382071000.1096
286126.6158 29311745.1365 24382821.4157 28321870.8199 382074950.9612
286185.1928 29129390.2200 24199814.7026 28262514.2886 382078845.2774
286243.0713 28948489.1559 24018391.6592 28203864.8109 382082684.0337
286300.2608 28769028.0709 23838536.4150 28145912.7918 382086468.1860
286356.7708 28590993.2425 23660233.2790 28088648.7816 382090198.6707
286412.6104 28414371.0970 23483466.7367 28032063.4740 382093876.4054
286467.7886 28239148.2074 23308221.4482 27976147.7030 382097502.2893
286522.3145 28065311.2938 23134482.2478 27920892.4417 382101077.2038
286576.1968 27892847.2184 22962234.1389 27866288.7985 382104602.0124
286629.4442 27721742.9868 22791462.2944 27812328.0164 382108077.5617
286682.0652 27551985.7443 22622152.0532 27759001.4696 382111504.6812
286734.0682 27383562.7757 22454288.9192 27706300.6619 382114884.1844
286785.4615 27216461.5015 22287858.5574 27654217.2243 382118216.8683
286836.2532 27050669.4783 22122846.7937 27602742.9128 382121503.5147
286886.4514 26886174.3962 21959239.6119 27551869.6067 382124744.8897
286936.0640 26722964.0779 21797023.1529 27501589.3064 382127941.7446
286985.0988 26561026.4772 21636183.7124 27451894.1317 382131094.8160
287033.5634 26400349.6767 21476707.7381 27402776.3192 382134204.8262
287081.4654 26240921.8872 21318581.8295 27354228.2210 382137272.4835
287128.8124 26082731.4447 21161792.7336 27306242.3024 382140298.4826
287175.6115 25925766.8097 21006327.3446 27258811.1400 382143283.5046
287221.8701 25770016.5671 20852172.7034 27211927.4206 382146228.2177
287267.5952 25615469.4231 20699315.9935 27165583.9385 382149133.2771
287312.7939 25462114.2029 20547744.5394 27119773.5942 382151999.3259
287357.4731 25309939.8517 20397445.8064 27074489.3925 382154826.9943
287401.6397 25158935.4322 20248407.3986 27029724.4412 382157616.9012
287445.3002 25009090.1238 20100617.0566 26985471.9492 382160369.6533
287488.4614 24860393.2195 19954062.6557 26941725.2246 382163085.8460
287531.1298 24712834.1269 19808732.2053 26898477.6736 382165766.0634
287573.3118 24566402.3645 19664613.8453 26855722.7983 382168410.8789
287615.0136 24421087.5620 19521695.8466 26813454.1956 382171020.8549
287656.2417 24276879.4579 19379966.6076 26771665.5554 382173596.5433
287697.0020 24133767.8997 19239414.6548 26730350.6595 382176138.4858
287737.3007 23991742.8423 19100028.6404 26689503.3802 382178647.2141
287777.1437 23850794.3462 18961797.3408 26649117.6782 382181123.2499
287816.5369 23710912.5752 18824709.6535 26609187.6016 382183567.1053
287855.4861 23572087.7971 18688754.5977 26569707.2843 382185979.2831
287893.9970 23434310.3819 18553921.3128 26530670.9451 382188360.2767
287932.0753 23297570.8000 18420199.0551 26492072.8857 382190710.5705
287969.7265 23161859.6217 18287577.1985 26453907.4899 382193030.6401
288006.9560 23027167.5154 18156045.2314 26416169.2221 382195320.9525
288043.7693 22893485.2483 18025592.7576 26378852.6262 382197581.9660
288080.1717 22760803.6818 17896209.4913 26341952.3237 382199814.1308
288116.1684 22629113.7743 17767885.2601 26305463.0135 382202017.8888
288151.7646 22498406.5772 17640609.9999 26269379.4697 382204193.6742
288186.9653 22368673.2349 17514373.7556 26233696.5411 382206341.9132
288221.7756 22239904.9841 17389166.6796 26198409.1497 382208463.0242
288256.2005 22112093.1518 17264979.0299 26163512.2896 382210557.4186
288290.2448 21985229.1555 17141801.1698 26129001.0259 382212625.5000
288323.9132 21859304.5010 17019623.5656 26094870.4937 382214667.6650
288357.2106 21734310.7817 16898436.7858 26061115.8965 382216684.3033
288390.1417 21610239.6776 16778231.4998 26027732.5060 382218675.7976
288422.7110 21487082.9550 16658998.4773 25994715.6601 382220642.5237
288454.9230 21364832.4650 16540728.5870 25962060.7630 382222584.8511
288486.7823 21243480.1408 16423412.7931 25929763.2824 382224503.1426
288518.2932 21123018.0009 16307042.1587 25897818.7508 382226397.7547
288549.4602 21003438.1433 16191607.8397 25866222.7622 382228269.0378
288580.2875 20884732.7489 16077101.0881 25834970.9732 382230117.3361
288610.7792 20766894.0770 15963513.2474 25804059.1004 382231942.9877
288640.9397 20649914.4672 15850835.7536 25773482.9206 382233746.3252
288670.7730 20533786.3368 15739060.1337 25743238.2691 382235527.6751
288700.2832 20418502.1798 15628178.0034 25713321.0393 382237287.3585
288729.4743 20304054.5677 15518181.0681 25683727.1816 382239025.6910
288758.3502 20190436.1468 15409061.1202 25654452.7025 382240742.9826
288786.9148 20077639.6380 15300810.0385 25625493.6638 382242439.5381
288815.1719 19965657.8370 15193419.7884 25596846.1820 382244115.6574
288843.1253 19854483.6117 15086882.4190 25568506.4268 382245771.6348
288870.7788 19744109.9020 14981190.0629 25540470.6210 382247407.7599
288898.1361 19634529.7199 14876334.9358 25512735.0394 382249024.3175
288925.2007 19525736.1473 14772309.3345 25485296.0078 382250621.5874
288951.9762 19417722.3360 14669105.6368 25458149.9025 382252199.8448
288978.4663 19310481.5069 14566716.3001 25431293.1496 382253759.3603
289004.6742 19204006.9492 14465133.8608 25404722.2240 382255300.3999
289030.6036 19098292.0188 14364350.9324 25378433.6485 382256823.2252
289056.2577 18993330.1389 14264360.2063 25352423.9938 382258328.0935
289081.6400 18889114.7990 14165154.4501 25326689.8772 382259815.2577
289106.7536 18785639.5531 14066726.5059 25301227.9619 382261284.9667
289131.6020 18682898.0194 13969069.2902 25276034.9564 382262737.4652
289156.1881 18580883.8814 13872175.7942 25251107.6142 382264172.9938
289180.5153 18479590.8841 13776039.0804 25226442.7323 382265591.7893
289204.5867 18379012.8340 13680652.2824 25202037.1511 382266994.0844
289228.4053 18279143.6010 13586008.6064 25177887.7538 382268380.1084
289251.9741 18179977.1156 13492101.3283 25153991.4659 382269750.0864
289275.2962 18081507.3681 13398923.7932 25130345.2538 382271104.2401
289298.3745 17983728.4083 13306469.4146 25106946.1250 382272442.7876
289321.2119 17886634.3452 13214731.6737 25083791.1270 382273765.9434
289343.8113 17790219.3463 13123704.1194 25060877.3472 382275073.9185
289366.1756 17694477.6361 13033380.3658 25038201.9117 382276366.9207
289388.3075 17599403.4962 12943754.0930 25015761.9850 382277645.1543
289410.2098 17504991.2651 12854819.0460 24993554.7697 382278908.8203
289431.8852 17411235.3359 12766569.0329 24971577.5054 382280158.1166
289453.3365 17318130.1587 12678997.9266 24949827.4689 382281393.2380
289474.5662 17225670.2366 12592099.6615 24928301.9728 382282614.3760
289495.5769 17133850.1262 12505868.2330 24906998.3654 382283821.7192
289516.3714 17042664.4381 12420297.6986 24885914.0301 382285015.4533
289536.9521 16952107.8358 12335382.1763 24865046.3852 382286195.7608
289557.3215 16862175.0344 12251115.8431 24844392.8829 382287362.8217
289577.4821 16772860.8013 12167492.9360 24823951.0091 382288516.8127
289597.4363 16684159.9545 12084507.7500 24803718.2829 382289657.9083
289617.1867 16596067.3618 12002154.6372 24783692.2559 382290786.2798
289636.7355 16508577.9420 11920428.0075 24763870.5120 382291902.0960
289656.0851 16421686.6622 11839322.3268 24744250.6668 382293005.5232
289675.2379 16335388.5391 11758832.1170 24724830.3669 382294096.7250
289694.1960 16249678.6369 11678951.9549 24705607.2901 382295175.8624
289712.9619 16164552.0687 11599676.4728 24686579.1443 382296243.0941
289731.5377 16080003.9940 11521000.3557 24667743.6674 382297298.5761
289749.9257 15996029.6188 11442918.3424 24649098.6266 382298342.4623
289768.1279 15912624.1957 11365425.2244 24630641.8185 382299374.9040
289786.1466 15829783.0229 11288515.8454 24612371.0679 382300396.0504
289803.9839 15747501.4434 11212185.1001 24594284.2281 382301406.0482
289821.6418 15665774.8453 11136427.9347 24576379.1800 382302405.0420
289839.1225 15584598.6611 11061239.3460 24558653.8322 382303393.1743
289856.4279 15503968.3672 10986614.3804 24541106.1203 382304370.5852
289873.5601 15423879.4826 10912548.1335 24523734.0063 382305337.4129
289890.5211 15344327.5696 10839035.7498 24506535.4786 382306293.7934
289907.3128 15265308.2324 10766072.4214 24489508.5514 382307239.8607
289923.9371 15186817.1176 10693653.3889 24472651.2645 382308175.7467
289940.3960 15108849.9126 10621773.9393 24455961.6828 382309101.5815
289956.6914 15031402.3464 10550429.4068 24439437.8960 382310017.4931
289972.8251 14954470.1886 10479615.1714 24423078.0184 382310923.6077
289988.7989 14878049.2481 10409326.6583 24406880.1880 382311820.0496
290004.6147 14802135.3747 10339559.3389 24390842.5671 382312706.9412
290020.2742 14726724.4565 10270308.7280 24374963.3409 382313584.4032
290035.7793 14651812.4205 10201570.3848 24359240.7179 382314452.5543
290051.1316 14577395.2325 10133339.9124 24343672.9294 382315311.5117
290066.3329 14503468.8966 10065612.9571 24328258.2291 382316161.3907
290081.3849 14430029.4535 9998385.2070 24312994.8929 382317002.3051
290096.2893 14357072.9821 9931652.3936 24297881.2184 382317834.3669
290111.0477 14284595.5976 9865410.2890 24282915.5247 382318657.6864
290125.6618 14212593.4521 9799654.7075 24268096.1523 382319472.3725
290140.1332 14141062.7331 9734381.5035 24253421.4624 382320278.5323
290154.4634 14069999.6646 9669586.5724 24238889.8370 382321076.2715
290168.6541 13999400.5050 9605265.8491 24224499.6783 382321865.6942
290182.7069 13929261.5480 9541415.3077 24210249.4085 382322646.9031
290196.6232 13859579.1216 9478030.9617 24196137.4696 382323419.9992
290210.4045 13790349.5888 9415108.8637 24182162.3234 382324185.0823
290224.0524 13721569.3455 9352645.1038 24168322.4505 382324942.2506
290237.5684 13653234.8209 9290635.8097 24154616.3506 382325691.6010
290250.9539 13585342.4784 9229077.1474 24141042.5422 382326433.2289
290264.2103 13517888.8135 9167965.3194 24127599.5622 382327167.2285
290277.3392 13450870.3536 9107296.5643 24114285.9655 382327893.6925
290290.3418 13384283.6596 9047067.1582 24101100.3253 382328612.7125
290303.2196 13318125.3231 8987273.4119 24088041.2323 382329324.3785
290315.9739 13252391.9672 8927911.6718 24075107.2945 382330028.7795
290328.6062 13187080.2461 8868978.3194 24062297.1372 382330726.0031
290341.1177 13122186.8448 8810469.7708 24049609.4029 382331416.1357
290353.5098 13057708.4793 8752382.4768 24037042.7505 382332099.2625
290365.7838 12993641.8950 8694712.9217 24024595.8556 382332775.4676
290377.9409 12929983.8672 8637457.6232 24012267.4100 382333444.8337
290389.9825 12866731.2011 8580613.1328 24000056.1216 382334107.4425
290401.9098 12803880.7302 8524176.0337 23987960.7141 382334763.3746
290413.7241 12741429.3183 8468142.9432 23975979.9271 382335412.7095
290425.4265 12679373.8561 8412510.5088 23964112.5150 382336055.5254
290437.0183 12617711.2645 8357275.4121 23952357.2481 382336691.8995
290448.5007 12556438.4912 8302434.3643 23940712.9113 382337321.9081
290459.8749 12495552.5117 8247984.1085 23929178.3044 382337945.6264
290471.1420 12435050.3291 8193921.4184 23917752.2418 382338563.1283
290482.3032 12374928.9737 8140243.0982 23906433.5524 382339174.4870
290493.3597 12315185.5028 8086945.9825 23895221.0790 382339779.7745
290504.3125 12255817.0001 8034026.9354 23884113.6788 382340379.0620
290515.1628 12196820.5758 7981482.8507 23873110.2226 382340972.4196
290525.9117 12138193.3656 7929310.6510 23862209.5949 382341559.9165
290536.5603 12079932.5313 7877507.2880 23851410.6936 382342141.6209
290547.1096 12022035.2606 7826069.7423 23840712.4300 382342717.6002
290557.5607 11964498.7661 7774995.0225 23830113.7284 382343287.9207
290567.9147 11907320.2855 7724280.1652 23819613.5260 382343852.6480
290578.1726 11850497.0810 7673922.2345 23809210.7729 382344411.8467
290588.3353 11794026.4395 7623918.3222 23798904.4318 382344965.5805
290598.4040 11737905.6727 7574265.5474 23788693.4775 382345513.9124
290608.3797 11682132.1152 7524961.0554 23778576.8975 382346056.9045
290618.2632 11626703.1265 7476002.0187 23768553.6911 382346594.6180
290628.0556 11571616.0888 7427385.6358 23758622.8696 382347127.1132
290637.7579 11516868.4072 7379109.1304 23748783.4559 382347654.4500
290647.3710 11462457.5112 7331169.7535 23739034.4850 382348176.6870
290656.8958 11408380.8518 7283564.7799 23729375.0028 382348693.8824
290666.3333 11354635.9036 7236291.5111 23719804.0669 382349206.0933
290675.6844 11301220.1633 7189347.2729 23710320.7459 382349713.3765
290684.9499 11248131.1498 7142729.4158 23700924.1196 382350215.7875
290694.1309 11195366.4032 7096435.3144 23691613.2784 382350713.3816
290703.2282 11142923.4860 7050462.3678 23682387.3236 382351206.2130
290712.2426 11090799.9816 7004807.9988 23673245.3670 382351694.3354
290721.1751 11038993.4951 6959469.6538 23664186.5310 382352177.8017
290730.0264 10987501.6525 6914444.8029 23655209.9481 382352656.6641
290738.7975 10936322.1011 6869730.9398 23646314.7612 382353130.9741
290747.4891 10885452.5082 6825325.5802 23637500.1232 382353600.7827
290756.1021 10834890.5618 6781226.2631 23628765.1968 382354066.1402
290764.6373 10784633.9696 6737430.5494 23620109.1545 382354527.0960
290773.0955 10734680.4605 6693936.0233 23611531.1787 382354983.6990
290781.4776 10685027.7819 6650740.2899 23603030.4611 382355435.9978
290789.7842 10635673.7016 6607840.9766 23594606.2027 382355884.0398
290798.0162 10586616.0069 6565235.7327 23586257.6143 382356327.8721
290806.1744 10537852.5041 6522922.2283 23577983.9153 382356767.5414
290814.2594 10489381.0180 6480898.1545 23569784.3345 382357203.0933
290822.2721 10441199.3926 6439161.2233 23561658.1095 382357634.5733
290830.2132 10393305.4911 6397709.1681 23553604.4867 382358062.0260
290838.0835 10345697.1946 6356539.7422 23545622.7213 382358485.4957
290845.8836 10298372.4031 6315650.7196 23537712.0771 382358905.0257
290853.6143 10251329.0343 6275039.8941 23529871.8263 382359320.6593
290861.2763 10204565.0235 6234705.0791 23522101.2496 382359732.4389
290868.8703 10158078.3242 6194644.1079 23514399.6359 382360140.4065
290876.3969 10111866.9075 6154854.8333 23506766.2822 382360544.6034
290883.8570 10065928.7620 6115335.1278 23499200.4937 382360945.0706
290891.2511 10020261.8933 6076082.8822 23491701.5834 382361341.8485
290898.5798 9974864.3244 6037096.0068 23484268.8724 382361734.9770
290905.8440 9929734.0950 5998372.4302 23476901.6894 382362124.4955
290913.0442 9884869.2610 5959910.0994 23469599.3706 382362510.4428
290920.1811 9840267.8958 5921706.9800 23462361.2600 382362892.8574
290927.2553 9795928.0893 5883761.0562 23455186.7092 382363271.7772
290934.2675 9751847.9467 5846070.3292 23448075.0767 382363647.2396
290941.2183 9708025.5904 5808632.8187 23441025.7288 382364019.2818
290948.1082 9664459.1577 5771446.5615 23434038.0385 382364387.9402
290954.9379 9621146.8024 5734509.6120 23427111.3864 382364753.2509
290961.7081 9578086.6941 5697820.0423 23420245.1598 382365115.2495
290968.4193 9535277.0171 5661375.9407 23413438.7528 382365473.9713
290975.0721 9492715.9715 5625175.4128 23406691.5667 382365829.4511
290981.6670 9450401.7731 5589216.5816 23400003.0093 382366181.7232
290988.2047 9408332.6522 5553497.5858 23393372.4951 382366530.8215
290994.6858 9366506.8537 5518016.5806 23386799.4453 382366876.7795
291001.1107 9324922.6381 5482771.7380 23380283.2875 382367219.6305
291007.4801 9283578.2798 5447761.2454 23373823.4557 382367559.4069
291013.7946 9242472.0681 5412983.3066 23367419.3903 382367896.1413
291020.0545 9201602.3061 5378436.1406 23361070.5377 382368229.8654
291026.2606 9160967.3117 5344117.9828 23354776.3510 382368560.6108
291032.4133 9120565.4170 5310027.0836 23348536.2890 382368888.4087
291038.5131 9080394.9672 5276161.7084 23342349.8167 382369213.2899
291044.5606 9040454.3214 5242520.1379 23336216.4047 382369535.2847
291050.5563 9000741.8536 5209100.6686 23330135.5301 382369854.4232
291056.5007 8961255.9502 5175901.6109 23324106.6754 382370170.7350
291062.3944 8921995.0117 5142921.2907 23318129.3290 382370484.2495
291068.2377 8882957.4509 5110158.0475 23312202.9847 382370794.9957
291074.0312 8844141.6944 5077610.2357 23306327.1422 382371103.0021
291079.7754 8805546.1824 5045276.2246 23300501.3067 382371408.2971
291085.4708 8767169.3668 5013154.3964 23294724.9886 382371710.9086
291091.1179 8729009.7131 4981243.1481 23288997.7040 382372010.8642
291096.7170 8691065.6996 4949540.8909 23283318.9742 382372308.1912
291102.2688 8653335.8166 4918046.0489 23277688.3256 382372602.9166
291107.7736 8615818.5669 4886757.0601 23272105.2902 382372895.0670
291113.2319 8578512.4657 4855672.3759 23266569.4047 382373184.6688
291118.6441 8541416.0409 4824790.4616 23261080.2111 382373471.7479
291124.0108 8504527.8319 4794109.7949 23255637.2565 382373756.3302
291129.3323 8467846.3895 4763628.8666 23250240.0927 382374038.4409
291134.6091 8431370.2776 4733346.1811 23244888.2764 382374318.1053
291139.8416 8395098.0720 4703260.2558 23239581.3696 382374595.3481
291145.0302 8359028.3588 4673369.6198 23234318.9384 382374870.1939
291150.1754 8323159.7366 4643672.8154 23229100.5542 382375142.6669
291155.2776 8287490.8148 4614168.3973 23223925.7926 382375412.7911
291160.3372 8252020.2147 4584854.9323 23218794.2340 382375680.5901
291165.3546 8216746.5685 4555730.9998 23213705.4634 382375946.0875
291170.3303 8181668.5195 4526795.1910 23208659.0703 382376209.3062
291175.2645 8146784.7220 4498046.1091 23203654.6484 382376470.2693
291180.1577 8112093.8413 4469482.3694 23198691.7961 382376728.9992
291185.0104 8077594.5540 4441102.5990 23193770.1159 382376985.5185
291189.8228 8043285.5464 4412905.4363 23188889.2147 382377239.8490
291194.5954 8009165.5160 4384889.5313 23184048.7037 382377492.0127
291199.3286 7975233.1704 4357053.5454 23179248.1979 382377742.0312
291204.0227 7941487.2282 4329396.1518 23174487.3170 382377989.9258
291208.6781 7907926.4176 4301916.0340 23169765.6842 382378235.7176
291213.2951 7874549.4778 4274611.8875 23165082.9272 382378479.4274
291217.8742 7841355.1576 4247482.4183 23160438.6775 382378721.0759
291222.4157 7808342.2160 4220526.3436 23155832.5704 382378960.6834
291226.9199 7775509.4217 4193742.3908 23151264.2452 382379198.2702
291231.3872 7742855.5538 4167129.2989 23146733.3452 382379433.8560
291235.8179 7710379.4008 4140685.8167 23142239.5173 382379667.4607
291240.2125 7678079.7608 4114410.7039 23137782.4123 382379899.1036
291244.5712 7645955.4413 4088302.7303 23133361.6844 382380128.8041
291248.8943 7614005.2600 4062360.6761 23128976.9919 382380356.5811
291253.1823 7582228.0432 4036583.3318 23124627.9963 382380582.4536
291257.4353 7550622.6269 4010969.4977 23120314.3630 382380806.4400
291261.6539 7519187.8561 3985517.9843 23116035.7608 382381028.5589
291265.8382 7487922.5856 3960227.6122 23111791.8619 382381248.8283
291269.9886 7456825.6788 3935097.2117 23107582.3423 382381467.2664
291274.1054 7425896.0081 3910125.6226 23103406.8810 382381683.8908
291278.1890 7395132.4547 3885311.6944 23099265.1606 382381898.7192
291282.2396 7364533.9087 3860654.2864 23095156.8671 382382111.7690
291286.2575 7334099.2690 3836152.2668 23091081.6894 382382323.0573
291290.2431 7303827.4435 3811804.5139 23087039.3202 382382532.6012
291294.1967 7273717.3478 3787609.9146 23083029.4550 382382740.4176
291298.1185 7243767.9065 3763567.3651 23079051.7927 382382946.5230
291302.0088 7213978.0532 3739675.7712 23075106.0353 382383150.9338
291305.8680 7184346.7290 3715934.0472 23071191.8879 382383353.6665
291309.6963 7154872.8839 3692341.1168 23067309.0586 382383554.7370
291313.4940 7125555.4757 3668895.9120 23063457.2586 382383754.1613
291317.2614 7096393.4704 3645597.3739 23059636.2022 382383951.9551
291320.9987 7067385.8420 3622444.4520 23055845.6065 382384148.1340
291324.7063 7038531.5731 3599436.1050 23052085.1916 382384342.7134
291328.3844 7009829.6532 3576571.2996 23048354.6804 382384535.7085
291332.0333 6981279.0808 3553849.0111 23044653.7990 382384727.1344
291335.6532 6952878.8613 3531268.2234 23040982.2760 382384917.0059
291339.2444 6924628.0082 3508827.9284 23037339.8429 382385105.3379
291342.8073 6896525.5427 3486527.1262 23033726.2339 382385292.1448
291346.3419 6868570.4928 3464364.8250 23030141.1861 382385477.4412
291349.8487 6840761.8949 3442340.0412 23026584.4391 382385661.2412
291353.3278 6813098.7927 3420451.7994 23023055.7353 382385843.5590
291356.7795 6785580.2369 3398699.1316 23019554.8198 382386024.4085
291360.2041 6758205.2856 3377081.0780 23016081.4402 382386203.8036
291363.6018 6730973.0045 3355596.6866 23012635.3467 382386381.7578
291366.9727 6703882.4663 3334245.0131 23009216.2921 382386558.2848
291370.3173 6676932.7508 3313025.1208 23005824.0318 382386733.3978
291373.6357 6650122.9446 3291936.0803 23002458.3234 382386907.1101
291376.9282 6623452.1416 3270976.9701 22999118.9272 382387079.4348
291380.1949 6596919.4427 3250146.8758 22995805.6061 382387250.3847
291383.4362 6570523.9556 3229444.8909 22992518.1250 382387419.9728
291386.6522 6544264.7947 3208870.1155 22989256.2516 382387588.2117
291389.8432 6518141.0812 3188421.6573 22986019.7556 382387755.1138
291393.0094 6492151.9425 3168098.6309 22982808.4093 382387920.6916
291396.1510 6466296.5136 3147900.1584 22979621.9871 382388084.9574
291399.2683 6440573.9354 3127825.3685 22976460.2659 382388247.9233
291402.3614 6414983.3558 3107873.3975 22973323.0246 382388409.6013
291405.4306 6389523.9289 3088043.3881 22970210.0447 382388570.0032
291408.4761 6364194.8148 3068334.4897 22967121.1094 382388729.1409
291411.4981 6338995.1805 3048745.8588 22964056.0045 382388887.0259
291414.4968 6313924.1989 3029276.6584 22961014.5178 382389043.6698
291417.4724 6288981.0496 3009926.0585 22957996.4391 382389199.0840
291420.4252 6264164.9183 2990693.2356 22955001.5606 382389353.2797
291423.3553 6239474.9964 2971577.3724 22952029.6764 382389506.2680
291426.2629 6214910.4820 2952577.6587 22949080.5826 382389658.0600
291429.1482 6190470.5785 2933693.2899 22946154.0775 382389808.6667
291432.0115 6166154.4956 2914923.4682 22943249.9612 382389958.0988
291434.8529 6141961.4494 2896267.4026 22940368.0361 382390106.3670
291437.6726 6117890.6611 2877724.3074 22937508.1064 382390253.4818
291440.4708 6093941.3585 2859293.4040 22934669.9781 382390399.4539
291443.2477 6070112.7748 2840973.9196 22931853.4594 382390544.2934
291446.0035 6046404.1486 2822765.0872 22929058.3603 382390688.0107
291448.7383 6022814.7243 2804666.1458 22926284.4925 382390830.6159
291451.4524 5999343.7525 2786676.3411 22923531.6699 382390972.1191
291454.1459 5975990.4888 2768794.9241 22920799.7080 382391112.5302
291456.8191 5952754.1943 2751021.1516 22918088.4242 382391251.8590
291459.4720 5929634.1357 2733354.2866 22915397.6377 382391390.1152
291462.1049 5906629.5855 2715793.5978 22912727.1694 382391527.3086
291464.7179 5883739.8213 2698338.3596 22910076.8422 382391663.4486
291467.3113 5860964.1261 2680987.8521 22907446.4806 382391798.5446
291469.8851 5838301.7877 2663741.3605 22904835.9106 382391932.6061
291472.4396 5815752.0999 2646598.1763 22902244.9603 382392065.6422
291474.9749 5793314.3613 2629557.5963 22899673.4592 382392197.6621
