10.0000 218556430.7166 260468153.2045 283403162.4436 259707461.6829
144.8584 218643144.0634 260578080.0738 283310932.8381 259808070.9311
639.8502 218961259.4082 260981148.3728 282972098.2314 260177068.5435
1584.5350 219567691.8557 261748599.5320 282324087.0727 260880053.5468
2878.5585 220397005.2868 262796035.7938 281433575.9661 261840346.2602
4372.9900 221352961.4657 264000239.0963 280401035.0754 262945532.8578
5951.3529 222360781.6955 265265773.1599 279305732.4681 264108315.2564
7540.7927 223374095.3532 266533693.0770 278197808.9305 265274592.2871
9100.4131 224367198.0371 267771530.7455 277105877.1550 266414417.7311
10608.8406 225326919.5625 268962840.3089 276045287.2907 267512503.7543
12055.7931 226247147.9516 270100176.1651 275023779.3043 268561824.2854
13437.1170 227125625.0779 271180992.0508 274044833.2888 269559870.2157
14752.0209 227962171.2549 272205372.6520 273109550.3066 270506572.7230
16001.5568 228757718.3357 273174799.8865 272217692.4893 271403170.4684
17187.7830 229513781.6242 274091479.7868 271368262.3425 272251589.2251
18313.2927 230232167.1574 274957969.7331 270559832.4826 273054096.6284
19380.9426 230914805.9821 275776967.6705 269790739.2345 273813105.6717
20393.6910 231563658.2384 276551190.4110 269059200.3315 274531060.2583
21354.4998 232180656.7202 277283302.3788 268363388.8516 275210367.4068
22266.2731 232767673.5452 277975873.9369 267701480.8438 275853356.9580
23131.8197 233326500.8674 278631357.7199 267071686.3925 276462258.1286
23953.8304 233858840.4097 279252076.2809 266472269.8144 277039186.7355
24734.8653 234366298.6872 279840217.0317 265901562.4607 277586139.3602
25477.3475 234850385.9576 280397831.9386 265357970.3710 278104992.0892
26183.5621 235312517.6209 280926840.3239 264839978.2783 278597502.2815
26855.6573 235754017.2052 281429033.6488 264346151.0303 279065312.3041
27495.6490 236176120.3473 281906081.5143 263875133.1781 279509954.5093
28105.4256 236579979.3501 282359538.3393 263425647.2960 279932856.9342
28686.7540 236966668.0350 282790850.3523 262996491.4301 280335349.3725
29241.2864 237337186.6773 283201362.6250 262586535.9932 280718669.5534
29770.5668 237692466.8979 283592325.9893 262194720.3126 281083969.2686
30276.0379 238033376.4105 283964903.7107 261820049.0064 281432320.3215
30759.0473 238360723.5678 284320177.8486 261461588.3014 281764720.2261
31220.8545 238675261.6706 284659155.2634 261118462.3770 282082097.6112
31662.6361 238977693.0210 284982773.2487 260789849.7952 282385317.3044
32085.4922 239268672.7107 285291904.7825 260474980.0572 282675185.0863
32490.4516 239548812.1487 285587363.4050 260173130.3118 282952452.1169
32878.4766 239818682.3340 285869907.7363 259883622.2272 283217819.0447
33250.4681 240078816.8831 286140245.6464 259605819.0415 283471939.8066
33607.2697 240329714.8241 286399038.1008 259339122.7879 283715425.1367
33949.6719 240571843.1768 286646902.7041 259082971.6919 283948845.8065
34278.4158 240805639.3262 286884416.9560 258836837.7413 284172735.6044
34594.1968 241031513.2107 287112121.2510 258600224.4148 284387594.0841
34897.6675 241249849.3309 287330521.6280 258372664.5718 284593889.0874
35189.4411 241461008.6027 287540092.3039 258153718.4831 284792059.0703
35470.0937 241665330.0578 287741277.9980 257942972.0041 284982515.2393
35740.1672 241863132.4119 287934496.0713 257740034.8739 285165643.5187
36000.1717 242054715.5036 288120138.4900 257544539.1405 285341806.3584
36250.5873 242240361.6230 288298573.6353 257356137.6931 285511344.4000
36491.8665 242420336.7320 288470147.9653 257174502.9039 285674578.0095
36724.4359 242594891.5914 288635187.5483 256999325.3636 285831808.6899
36948.6981 242764262.7984 288793999.4724 256830312.7096 285983320.3833
37165.0328 242928673.7425 288946873.1461 256667188.5375 286129380.6699
37373.7991 243088335.4920 289094081.4990 256509691.3868 286270241.8780
37575.3359 243243447.6064 289235882.0857 256357573.8048 286406142.1030
37769.9640 243394198.8907 289372518.1088 256210601.4713 286537306.1534
37957.9868 243540768.0948 289504219.3645 256068552.3851 286663946.4248
38139.6916 243683324.5583 289631203.1160 255931216.1079 286786263.7076
38315.3505 243822028.8079 289753674.9017 255798393.0606 286904447.9349
38485.2215 243957033.1111 289871829.2836 255669893.8687 287018678.8747
38649.5490 244088481.9886 289985850.5401 255545538.7524 287129126.7713
38808.5650 244216512.6932 290095913.3111 255425156.9559 287235952.9427
38962.4899 244341255.6512 290202183.1940 255308586.2177 287339310.3322
39111.5328 244462834.8727 290304817.2979 255195672.2761 287439344.0220
39255.8924 244581368.3379 290403964.7613 255086268.4040 287536191.7123
39395.7578 244696968.3501 290499767.2294 254980234.9794 287629984.1640
39531.3085 244809741.8673 290592359.2996 254877439.0822 287720845.6113
39662.7157 244919790.8138 290681868.9395 254777754.1142 287808894.1493
39790.1421 245027212.3648 290768417.8708 254681059.4495 287894242.0894
39913.7428 245132099.2207 290852121.9349 254587240.0988 287976996.2986
40033.6656 245234539.8540 290933091.4255 254496186.4044 288057258.5079
40150.0513 245334618.7443 291011431.4047 254407793.7488 288135125.6050
40263.0342 245432416.5991 291087241.9970 254321962.2824 288210689.9072
40372.7426 245528010.5623 291160618.6668 254238596.6651 288284039.4189
40479.2987 245621474.4014 291231652.4718 254157605.8315 288355258.0660
40582.8194 245712878.6902 291300430.3051 254078902.7635 288424425.9214
40683.4162 245802290.9755 291367035.1198 254002404.2811 288491619.4123
40781.1958 245889775.9414 291431546.1441 253928030.8383 288556911.5205
40876.2602 245975395.5515 291494039.0751 253855706.3425 288620371.9614
40968.7068 246059209.1936 291554586.2678 253785357.9737 288682067.3606
41058.6289 246141273.8055 291613256.9068 253716916.0237 288742061.4115
41146.1159 246221644.0059 291670117.1750 253650313.7340 288800415.0332
41231.2532 246300372.2035 291725230.4027 253585487.1549 288857186.5083
41314.1226 246377508.7109 291778657.2167 253522375.0026 288912431.6209
41394.8026 246453101.8447 291830455.6740 253460918.5313 288966203.7812
41473.3684 246527198.0258 291880681.3930 253401061.4070 289018554.1470
41549.8920 246599841.8672 291929387.6719 253342749.5938 289069531.7334
41624.4426 246671076.2635 291976625.6051 253285931.2418 289119183.5211
41697.0864 246740942.4702 292022444.1888 253230556.5846 289167554.5540
41767.8872 246809480.1824 292066890.4246 253176577.8393 289214688.0358
41836.9060 246876727.6051 292110009.4130 253123949.1161 289260625.4159
41904.2015 246942721.5216 292151844.4439 253072626.3300 289305406.4744
41969.8299 247007497.3644 292192437.0860 253022567.1131 289349069.4041
42033.8456 247071089.2703 292231827.2634 252973730.7407 289391650.8826
42096.3005 247133530.1421 292270053.3340 252926078.0542 289433186.1441
42157.2446 247194851.6993 292307152.1596 252879571.3930 289473709.0446
42216.7260 247255084.5344 292343159.1764 252834174.5248 289513252.1274
42274.7911 247314258.1637 292378108.4604 252789852.5808 289551846.6843
42331.4844 247372401.0689 292412032.7861 252746571.9994 289589522.8090
42386.8487 247429540.7480 292444963.6880 252704300.4640 289626309.4551
42440.9253 247485703.7502 292476931.5113 252663006.8538 289662234.4825
42493.7540 247540915.7235 292507965.4691 252622661.1870 289697324.7110
42545.3730 247595201.4448 292538093.6869 252583234.5774 289731605.9606
42595.8192 247648584.8651 292567343.2549 252544699.1805 289765103.1012
42645.1281 247701089.1380 292595740.2693 252507028.1547 289797840.0904
42693.3341 247752736.6524 292623309.8752 252470195.6177 289829840.0128
42740.4702 247803549.0671 292650076.3082 252434176.6045 289861125.1193
42786.5681 247853547.3375 292676062.9315 252398947.0314 289891716.8612
42831.6588 247902751.7438 292701292.2725 252364483.6590 289921635.9240
42875.7717 247951181.9199 292725786.0584 252330764.0564 289950902.2606
42918.9356 247998856.8785 292749565.2489 252297766.5685 289979535.1217
42961.1781 248045795.0379 292772650.0688 252265470.2827 290007553.0865
43002.5258 248092014.2381 292795060.0345 252233855.0040 290034974.0857
43043.0045 248137531.7686 292816813.9854 252202901.2220 290061815.4320
43082.6392 248182364.3869 292837930.1095 252172590.0862 290088093.8432
43121.4539 248226528.3428 292858425.9714 252142903.3760 290113825.4689
43159.4718 248270039.3966 292878318.5363 252113823.4777 290139025.9124
43196.7154 248312912.8309 292897624.1909 252085333.3645 290163710.2489
43233.2064 248355163.4757 292916358.7688 252057416.5686 290187893.0508
43268.9659 248396805.7240 292934537.5719 252030057.1609 290211588.4069
43304.0141 248437853.5489 292952175.3909 252003239.7292 290234809.9413
43338.3707 248478320.5158 292969286.5236 251976949.3605 290257570.8308
43372.0547 248518219.7951 292985884.7926 251951171.6235 290279883.8201
43405.0846 248557564.1848 293001983.5672 251925892.5447 290301761.2438
43437.4782 248596366.1148 293017595.7760 251901098.5973 290323215.0367
43469.2527 248634637.6635 293032733.9254 251876776.6818 290344256.7512
43500.4249 248672390.5760 293047410.1170 251852914.1066 290364897.5749
43531.0109 248709636.2651 293061636.0584 251829498.5797 290385148.3385
43561.0264 248746385.8286 293075423.0799 251806518.1902 290405019.5324
43590.4866 248782650.0616 293088782.1488 251783961.3937 290424521.3199
43619.4062 248818439.4683 293101723.8825 251761816.9976 290443663.5504
43647.7996 248853764.2644 293114258.5589 251740074.1535 290462455.7667
43675.6805 248888634.3898 293126396.1288 251718722.3427 290480907.2177
43703.0624 248923059.5221 293138146.2297 251697751.3618 290499026.8717
43729.9582 248957049.0844 293149518.1957 251677151.3119 290516823.4260
43756.3807 248990612.2479 293160521.0665 251656912.5916 290534305.3134
43782.3421 249023757.9476 293171163.6001 251637025.8818 290551480.7155
43807.8542 249056494.8837 293181454.2799 251617482.1395 290568357.5689
43832.9286 249088831.5378 293191401.3274 251598272.5834 290584943.5777
43857.5765 249120776.1658 293201012.7062 251579388.6926 290601246.2147
43881.8088 249152336.8235 293210296.1365 251560822.1872 290617272.7392
43905.6360 249183521.3587 293219259.0987 251542565.0282 290633030.1968
43929.0684 249214337.4196 293227908.8423 251524609.4081 290648525.4277
43952.1159 249244792.4652 293236252.3942 251506947.7405 290663765.0766
43974.7883 249274893.7742 293244296.5674 251489572.6510 290678755.6002
43997.0949 249304648.4437 293252047.9655 251472476.9741 290693503.2704
44019.0449 249334063.3969 293259512.9900 251455653.7445 290708014.1820
44040.6472 249363145.3919 293266697.8481 251439096.1888 290722294.2600
44061.9105 249391901.0196 293273608.5568 251422797.7230 290736349.2622
44082.8430 249420336.7156 293280250.9506 251406751.9420 290750184.7879
44103.4531 249448458.7607 293286630.6861 251390952.6167 290763806.2816
44123.7486 249476273.2933 293292753.2497 251375393.6828 290777219.0414
44143.7373 249503786.3020 293298623.9597 251360069.2430 290790428.2189
44163.4267 249531003.6355 293304247.9728 251344973.5575 290803438.8261
44182.8241 249557931.0080 293309630.2899 251330101.0387 290816255.7412
44201.9368 249584573.9968 293314775.7584 251315446.2493 290828883.7096
44220.7716 249610938.0614 293319689.0808 251301003.8895 290841327.3557
44239.3352 249637028.5315 293324374.8155 251286768.8006 290853591.1795
44257.6344 249662850.6108 293328837.3812 251272735.9606 290865679.5606
44275.6754 249688409.3925 293333081.0629 251258900.4733 290877596.7679
44293.4646 249713709.8575 293337110.0154 251245257.5668 290889346.9608
44311.0080 249738756.8723 293340928.2656 251231802.5923 290900934.1904
44328.3116 249763555.1930 293344539.7166 251218531.0202 290912362.4032
44345.3812 249788109.4772 293347948.1524 251205438.4307 290923635.4486
44362.2224 249812424.2705 293351157.2391 251192520.5197 290934757.0750
44378.8407 249836504.0332 293354170.5310 251179773.0824 290945730.9430
44395.2414 249860353.1196 293356991.4711 251167192.0220 290956560.6184
44411.4299 249883975.7888 293359623.3949 251154773.3424 290967249.5788
44427.4112 249907376.2089 293362069.5334 251142513.1440 290977801.2167
44443.1903 249930558.4619 293364333.0166 251130407.6196 290988218.8438
44458.7721 249953526.5403 293366416.8751 251118453.0541 290998505.6910
44474.1613 249976284.3552 293368324.0435 251106645.8187 291008664.9131
44489.3625 249998835.7328 293370057.3622 251094982.3712 291018699.5891
44504.3803 250021184.4189 293371619.5803 251083459.2523 291028612.7256
44519.2192 250043334.0820 293373013.3575 251072073.0819 291038407.2593
44533.8834 250065288.3095 293374241.2668 251060820.5601 291048086.0569
44548.3771 250087050.6194 293375305.7962 251049698.4594 291057651.9217
44562.7045 250108624.4515 293376209.3512 251038703.6278 291067107.5903
44576.8696 250130013.1718 293376954.2564 251027832.9856 291076455.7368
44590.8763 250151220.0861 293377542.7582 251017083.5167 291085698.9790
44604.7286 250172248.4256 293377977.0258 251006452.2747 291094839.8737
44618.4301 250193101.3531 293378259.1534 250995936.3788 291103880.9207
44631.9846 250213781.9690 293378391.1623 250985533.0091 291112824.5659
44645.3957 250234293.3111 293378375.0019 250975239.4058 291121673.2031
44658.6669 250254638.3503 293378212.5518 250965052.8701 291130429.1724
44671.8016 250274819.9983 293377905.6235 250954970.7594 291139094.7649
44684.8032 250294841.1053 293377455.9616 250944990.4869 291147672.2228
44697.6751 250314704.4604 293376865.2456 250935109.5208 291156163.7403
44710.4205 250334412.7947 293376135.0914 250925325.3815 291164571.4660
44723.0426 250353968.7869 293375267.0524 250915635.6377 291172897.5061
44735.5445 250373375.0606 293374262.6207 250906037.9068 291181143.9242
44747.9291 250392634.1729 293373123.2298 250896529.8599 291189312.7373
44760.1996 250411748.6369 293371850.2540 250887109.2090 291197405.9263
44772.3588 250430720.9110 293370445.0108 250877773.7121 291205425.4321
44784.4097 250449553.3940 293368908.7626 250868521.1742 291213373.1544
44796.3550 250468248.4386 293367242.7167 250859349.4402 291221250.9584
44808.1974 250486808.3441 293365448.0274 250850256.3970 291229060.6721
44819.9398 250505235.3591 293363525.7968 250841239.9720 291236804.0886
44831.5847 250523531.6764 293361477.0768 250832298.1342 291244482.9643
44843.1348 250541699.4469 293359302.8687 250823428.8872 291252099.0258
44854.5926 250559740.7672 293357004.1258 250814630.2738 291259653.9652
44865.9606 250577657.6902 293354581.7533 250805900.3704 291267149.4453
44877.2413 250595452.2111 293352036.6112 250797237.2931 291274587.0944
44888.4371 250613126.2870 293349369.5132 250788639.1873 291281968.5151
44899.5504 250630681.8189 293346581.2296 250780104.2359 291289295.2774
44910.5835 250648120.6656 293343672.4875 250771630.6514 291296568.9253
44921.5387 250665444.6336 293340643.9726 250763216.6808 291303790.9729
44932.4183 250682655.4843 293337496.3296 250754860.6006 291310962.9086
44943.2244 250699754.9323 293334230.1636 250746560.7180 291318086.1940
44953.9592 250716744.6400 293330846.0425 250738315.3716 291325162.2631
44964.6249 250733626.2265 293327344.4960 250730122.9276 291332192.5262
44975.2236 250750401.2671 293323726.0174 250721981.7790 291339178.3702
44985.7573 250767071.2849 293319991.0657 250713890.3487 291346121.1556
44996.2281 250783637.7544 293316140.0672 250705847.0879 291353022.2186
45006.6378 250800102.1051 293312173.4150 250697850.4733 291359882.8732
45016.9886 250816465.7191 293308091.4714 250689899.0079 291366704.4103
45027.2822 250832729.9254 293303894.5701 250681991.2232 291373488.0963
45037.5206 250848896.0107 293299583.0152 250674125.6735 291380235.1773
45047.7057 250864965.2112 293295157.0843 250666300.9393 291386946.8770
45057.8392 250880938.7195 293290617.0284 250658515.6239 291393624.3992
45067.9229 250896817.6716 293285963.0761 250650768.3586 291400268.9233
45077.9587 250912603.1607 293281195.4320 250643057.7961 291406881.6099
45087.9481 250928296.2284 293276314.2801 250635382.6144 291413463.5981
45097.8930 250943897.8659 293271319.7854 250627741.5155 291420016.0056
45107.7950 250959409.0159 293266212.0942 250620133.2245 291426539.9304
45117.6556 250974830.5755 293260991.3355 250612556.4876 291433036.4520
45127.4766 250990163.3874 293255657.6246 250605010.0766 291439506.6279
45137.2595 251005408.2466 293250211.0631 250597492.7847 291445951.4967
45147.0058 251020565.8965 293244651.7418 250590003.4287 291452372.0768
45156.7170 251035637.0331 293238979.7409 250582540.8465 291458769.3682
45166.3946 251050622.3008 293233195.1329 250575103.8993 291465144.3505
45176.0402 251065522.2938 293227297.9846 250567691.4703 291471497.9846
45185.6550 251080337.5575 293221288.3577 250560302.4647 291477831.2122
45195.2406 251095068.5889 293215166.3109 250552935.8085 291484144.9567
45204.7982 251109715.8355 293208931.9022 250545590.4498 291490440.1227
45214.3292 251124279.6968 293202585.1897 250538265.3577 291496717.5964
45223.8350 251138760.5235 293196126.2347 250530959.5231 291502978.2454
45233.3168 251153158.6210 293189555.1014 250523671.9563 291509222.9202
45242.7759 251167474.2469 293182871.8605 250516401.6893 291515452.4525
45252.2136 251181707.6136 293176076.5898 250509147.7741 291521667.6570
45261.6309 251195858.8905 293169169.3750 250501909.2821 291527869.3315
45271.0292 251209928.2042 293162150.3119 250494685.3036 291534058.2571
45280.4095 251223915.6371 293155019.5089 250487474.9497 291540235.1974
45289.7731 251237821.2327 293147777.0864 250480277.3493 291546400.9003
45299.1209 251251644.9981 293140423.1776 250473091.6482 291552556.0992
45308.4542 251265386.9035 293132957.9302 250465917.0098 291558701.5123
45317.7740 251279046.8811 293125381.5095 250458752.6160 291564837.8416
45327.0812 251292624.8346 293117694.0944 250451597.6627 291570965.7771
45336.3771 251306120.6340 293109895.8826 250444451.3630 291577085.9940
45345.6624 251319534.1215 293101987.0887 250437312.9443 291583199.1551
45354.9383 251332865.1141 293093967.9446 250430181.6476 291589305.9113
45364.2057 251346113.4093 293085838.6970 250423056.7248 291595406.9041
45373.4656 251359278.7810 293077599.6118 250415937.4413 291601502.7634
45382.7189 251372360.9823 293069250.9736 250408823.0751 291607594.1081
45391.9666 251385359.7572 293060793.0795 250401712.9108 291613681.5513
45401.2095 251398274.8360 293052226.2431 250394606.2423 291619765.6979
45410.4485 251411105.9416 293043550.7911 250387502.3704 291625847.1472
45419.6847 251423852.7872 293034767.0657 250380400.6035 291631926.4913
45428.9187 251436515.0841 293025875.4200 250373300.2546 291638004.3188
45438.1517 251449092.5418 293016876.2183 250366200.6409 291644081.2142
45447.3844 251461584.8743 293007769.8322 250359101.0807 291650157.7611
45456.6177 251473991.7954 292998556.6436 250352000.8964 291656234.5394
45465.8525 251486313.0354 292989237.0328 250344899.4052 291662312.1335
45475.0896 251498548.3235 292979811.3911 250337795.9290 291668391.1234
45484.3301 251510697.4072 292970280.1060 250330689.7837 291674472.0943
45493.5747 251522760.0516 292960643.5608 250323580.2793 291680555.6362
45502.8244 251534736.0315 292950902.1401 250316466.7245 291686642.3404
45512.0801 251546625.1429 292941056.2199 250309348.4201 291692732.8045
45521.3427 251558427.1997 292931106.1689 250302224.6603 291698827.6318
45530.6131 251570142.0381 292921052.3440 250295094.7301 291704927.4331
45539.8923 251581769.5156 292910895.0893 250287957.9058 291711032.8270
45549.1812 251593309.5163 292900634.7304 250280813.4507 291717144.4427
45558.4808 251604761.9448 292890271.5776 250273660.6191 291723262.9171
45567.7920 251616126.7308 292879805.9207 250266498.6525 291729388.8978
45577.1160 251627403.8305 292869238.0250 250259326.7783 291735523.0446
45586.4536 251638593.2234 292858568.1330 250252144.2112 291741666.0278
45595.8060 251649694.9188 292847796.4555 250244950.1479 291747818.5330
45605.1743 251660708.9446 292836923.1808 250237743.7741 291753981.2550
45614.5593 251671635.3585 292825948.4607 250230524.2561 291760154.9052
45623.9624 251682474.2416 292814872.4155 250223290.7442 291766340.2086
45633.3846 251693225.6972 292803695.1318 250216042.3721 291772537.9040
45642.8271 251703889.8503 292792416.6612 250208778.2569 291778748.7443
45652.2910 251714466.8501 292781037.0153 250201497.4958 291784973.4993
45661.7775 251724956.8653 292769556.1677 250194199.1686 291791212.9536
45671.2879 251735360.0820 292757974.0542 250186882.3378 291797467.9062
45680.8233 251745676.7027 292746290.5716 250179546.0484 291803739.1713
45690.3851 251755906.9533 292734505.5670 250172189.3212 291810027.5830
45699.9746 251766051.0687 292722618.8514 250164811.1625 291816333.9881
45709.5930 251776109.2987 292710630.1913 250157410.5583 291822659.2504
45719.2417 251786081.9099 292698539.3032 250149986.4716 291829004.2532
45728.9221 251795969.1735 292686345.8657 250142537.8498 291835369.8930
45738.6356 251805771.3736 292674049.5079 250135063.6180 291841757.0849
45748.3835 251815488.7986 292661649.8167 250127562.6834 291848166.7594
45758.1674 251825121.7438 292649146.3318 250120033.9324 291854599.8644
45767.9887 251834670.5090 292636538.5465 250112476.2311 291861057.3650
45777.8488 251844135.3951 292623825.9095 250104888.4263 291867540.2425
45787.7495 251853516.7094 292611007.8159 250097269.3404 291874049.4989
45797.6920 251862814.7537 292598083.6209 250089617.7790 291880586.1502
45807.6782 251872029.8252 292585052.6369 250081932.5293 291887151.2279
45817.7095 251881162.2242 292571914.1205 250074212.3526 291893745.7857
45827.7875 251890212.2443 292558667.2840 250066455.9901 291900370.8936
45837.9140 251899180.1655 292545311.3037 250058662.1685 291907027.6344
45848.0907 251908066.2691 292531845.2966 250050829.5853 291913717.1151
45858.3192 251916870.8243 292518268.3377 250042956.9193 291920440.4586
45868.6012 251925594.0879 292504579.4588 250035042.8291 291927198.8048
45878.9386 251934236.3076 292490777.6421 250027085.9493 291933993.3135
45889.3332 251942797.7181 292476861.8237 250019084.8923 291940825.1636
45899.7867 251951278.5385 292462830.8965 250011038.2495 291947695.5515
45910.3011 251959678.9709 292448683.7109 250002944.5911 291954605.6912
45920.8781 251967999.2039 292434419.0676 249994802.4620 291961556.8181
45931.5198 251976239.4105 292420035.7185 249986610.3816 291968550.1891
45942.2281 251984399.7441 292405532.3722 249978366.8464 291975587.0803
45953.0050 251992480.3397 292390907.6904 249970070.3280 291982668.7886
45963.8524 252000481.3081 292376160.2967 249961719.2772 291989796.6285
45974.7724 252008402.7430 292361288.7619 249953312.1153 291996971.9391
45985.7671 252016244.7144 292346291.6149 249944847.2396 292004196.0796
45996.8386 252024007.2695 292331167.3386 249936323.0211 292011470.4316
46007.9891 252031690.4328 292315914.3692 249927737.8030 292018796.3998
46019.2207 252039294.2066 292300531.0924 249919089.8981 292026175.4142
46030.5356 252046818.5643 292285015.8553 249910377.5954 292033608.9252
46041.9362 252054263.4540 292269366.9580 249901599.1543 292041098.4074
46053.4246 252061628.7976 292253582.6536 249892752.8043 292048645.3611
46065.0033 252068914.4922 292237661.1425 249883836.7412 292056251.3145
46076.6745 252076120.4026 292221600.5882 249874849.1352 292063917.8173
46088.4408 252083246.3680 292205399.0999 249865788.1208 292071646.4491
46100.3045 252090292.1978 292189054.7398 249856651.8000 292079438.8168
46112.2683 252097257.6706 292172565.5238 249847438.2422 292087296.5545
46124.3345 252104142.5346 292155929.4187 249838145.4820 292095221.3255
46136.5058 252110946.5079 292139144.3395 249828771.5169 292103214.8242
46148.7849 252117669.2736 292122208.1580 249819314.3117 292111278.7724
46161.1744 252124310.4835 292105118.6937 249809771.7924 292119414.9242
46173.6771 252130869.7578 292087873.7103 249800141.8438 292127625.0684
46186.2956 252137346.6799 292070470.9273 249790422.3151 292135911.0233
46199.0330 252143740.8000 292052908.0081 249780611.0129 292144274.6432
46211.8921 252150051.6332 292035182.5633 249770705.7016 292152717.8175
46224.8757 252156278.6580 292017292.1510 249760704.1036 292161242.4707
46237.9870 252162421.3162 291999234.2743 249750603.8965 292169850.5649
46251.2290 252168479.0118 291981006.3828 249740402.7136 292178544.0992
46264.6048 252174451.1114 291962605.8668 249730098.1398 292187325.1131
46278.1175 252180336.9412 291944030.0644 249719687.7143 292196195.6842
46291.7705 252186135.7893 291925276.2510 249709168.9246 292205157.9335
46305.5671 252191846.9019 291906341.6465 249698539.2090 292214214.0231
46319.5105 252197469.4845 291887223.4094 249687795.9531 292223366.1591
46333.6044 252203002.7011 291867918.6344 249676936.4870 292232616.5938
46347.8521 252208445.6711 291848424.3593 249665958.0883 292241967.6234
46362.2573 252213797.4711 291828737.5550 249654857.9763 292251421.5931
46376.8237 252219057.1337 291808855.1246 249643633.3093 292260980.8984
46391.5550 252224223.6437 291788773.9118 249632281.1895 292270647.9822
46406.4551 252229295.9411 291768490.6866 249620798.6532 292280425.3420
46421.5278 252234272.9176 291748002.1527 249609182.6744 292290315.5274
46436.7771 252239153.4156 291727304.9447 249597430.1619 292300321.1424
46452.2071 252243936.2287 291706395.6225 249585537.9552 292310444.8488
46467.8220 252248620.0992 291685270.6739 249573502.8248 292320689.3659
46483.6261 252253203.7177 291663926.5103 249561321.4685 292331057.4733
46499.6237 252257685.7214 291642359.4670 249548990.5108 292341552.0121
46515.8193 252262064.6930 291620565.8013 249536506.5003 292352175.8863
46532.2174 252266339.1602 291598541.6883 249523865.9061 292362932.0664
46548.8227 252270507.5933 291576283.2212 249511065.1168 292373823.5896
46565.6399 252274568.4045 291553786.4088 249498100.4377 292384853.5625
46582.6740 252278519.9464 291531047.1740 249484968.0889 292396025.1627
46599.9300 252282360.5111 291508061.3467 249471664.1993 292407341.6435
46617.4128 252286088.3270 291484824.6722 249458184.8106 292418806.3309
46635.1279 252289701.5593 291461332.7981 249444525.8678 292430422.6310
46653.0805 252293198.3069 291437581.2790 249430683.2209 292442194.0291
46671.2760 252296576.6013 291413565.5719 249416652.6203 292454124.0930
46689.7203 252299834.4052 291389281.0320 249402429.7131 292466216.4765
46708.4188 252302969.6103 291364722.9115 249388010.0405 292478474.9212
46727.3777 252305980.0353 291339886.3581 249373389.0355 292490903.2583
46746.6029 252308863.4246 291314766.4097 249358562.0181 292503505.4132
46766.1005 252311617.4455 291289357.9931 249343524.1922 292516285.4072
46785.8770 252314239.6869 291263655.9199 249328270.6422 292529247.3607
46805.9387 252316727.6563 291237654.8882 249312796.3314 292542395.4944
46826.2925 252319078.7786 291211349.4703 249297096.0932 292555734.1368
46846.9450 252321290.3929 291184734.1185 249281164.6327 292569267.7227
46867.9033 252323359.7503 291157803.1587 249264996.5200 292583000.7981
46889.1746 252325284.0121 291130550.7821 249248586.1840 292596938.0263
46910.7663 252327060.2464 291102971.0456 249231927.9100 292611084.1893
46932.6858 252328685.4258 291075057.8709 249215015.8371 292625444.1898
46954.9409 252330156.4244 291046805.0356 249197843.9502 292640023.0580
46977.5396 252331470.0150 291018206.1721 249180406.0772 292654825.9537
47000.4901 252332622.8665 290989254.7637 249162695.8839 292669858.1706
47023.8006 252333611.5402 290959944.1367 249144706.8669 292685125.1419
47047.4799 252334432.4870 290930267.4580 249126432.3493 292700632.4440
47071.5366 252335082.0438 290900217.7300 249107865.4748 292716385.8013
47095.9800 252335556.4302 290869787.7912 249088999.2052 292732391.0878
47120.8192 252335851.7447 290838970.3040 249069826.3101 292748654.3360
47146.0639 252335963.9613 290807757.7508 249050339.3614 292765181.7410
47171.7238 252335888.9253 290776142.4301 249030530.7276 292781979.6654
47197.8090 252335622.3493 290744116.4537 249010392.5689 292799054.6429
47224.3300 252335159.8093 290711671.7354 248989916.8270 292816413.3869
47251.2973 252334496.7399 290678799.9888 248969095.2198 292834062.7946
47278.7219 252333628.4301 290645492.7194 248947919.2332 292852009.9537
47306.6150 252332550.0184 290611741.2161 248926380.1120 292870262.1497
47334.9882 252331256.4881 290577536.5524 248904468.8566 292888826.8686
47363.8534 252329742.6621 290542869.5732 248882176.2108 292907711.8063
47393.2229 252328003.1975 290507730.8854 248859492.6515 292926924.8778
47423.1092 252326032.5805 290472110.8588 248836408.3853 292946474.2190
47453.5252 252323825.1201 290435999.6107 248812913.3342 292966368.1989
47484.4843 252321374.9429 290399387.0018 248788997.1280 292986615.4252
47516.0001 252318675.9860 290362262.6253 248764649.0926 293007224.7536
47548.0869 252315721.9915 290324615.8025 248739858.2429 293028205.2944
47580.7590 252312506.4992 290286435.5699 248714613.2683 293049566.4228
47614.0314 252309022.8396 290247710.6694 248688902.5216 293071317.7887
47647.9196 252305264.1272 290208429.5448 248662714.0112 293093469.3226
47682.4393 252301223.2526 290168580.3259 248636035.3851 293116031.2484
47717.6068 252296892.8743 290128150.8173 248608853.9172 293139014.0943
47753.4391 252292265.4109 290087128.4910 248581156.4965 293162428.7013
47789.9533 252287333.0326 290045500.4752 248552929.6137 293186286.2343
47827.1673 252282087.6524 290003253.5414 248524159.3451 293210598.1940
47865.0996 252276520.9161 289960374.0905 248494831.3377 293235376.4299
47903.7690 252270624.1936 289916848.1427 248464930.7944 293260633.1508
47943.1951 252264388.5679 289872661.3222 248434442.4564 293286380.9397
47983.3981 252257804.8256 289827798.8462 248403350.5887 293312632.7646
48024.3986 252250863.4453 289782245.5095 248371638.9614 293339401.9938
48066.2183 252243554.5861 289735985.6678 248339290.8299 293366702.4108
48108.8791 252235868.0759 289689003.2231 248306288.9166 293394548.2295
48152.4038 252227793.3990 289641281.6091 248272615.3920 293422954.1086
48196.8160 252219319.6823 289592803.7686 248238251.8498 293451935.1714
48242.1400 252210435.6833 289543552.1460 248203179.2921 293481507.0168
48288.4008 252201129.7740 289493508.6566 248167378.0983 293511685.7448
48335.6244 252191389.9274 289442654.6772 248130828.0077 293542487.9689
48383.8374 252181203.7022 289390971.0240 248093508.0941 293573930.8364
48433.0674 252170558.2251 289338437.9269 248055396.7356 293606032.0522
48483.3430 252159440.1757 289285035.0145 248016471.5931 293638809.8952
48534.6937 252147835.7672 289230741.2849 247976709.5769 293672283.2444
48587.1499 252135730.7291 289175535.0870 247936086.8215 293706471.5985
48640.7430 252123110.2865 289119394.0908 247894578.6504 293741395.1028
48695.5055 252109959.1413 289062295.2661 247852159.5479 293777074.5716
48751.4712 252096261.4494 289004214.8501 247808803.1212 293813531.5171
48808.6748 252082000.7994 288945128.3232 247764482.0680 293850788.1743
48867.1523 252067160.1895 288885010.3779 247719168.1389 293888867.5303
48926.9409 252051722.0018 288823834.8862 247672832.0970 293927793.3547
48988.0791 252035667.9790 288761574.8726 247625443.6822 293967590.2274
49050.6067 252018979.1943 288698202.4681 247576971.5592 294008283.5788
49114.5651 252001636.0253 288633688.8847 247527383.2807 294049899.7167
49179.9970 251983618.1255 288568004.3784 247476645.2414 294092465.8626
49246.9466 251964904.3899 288501118.2000 247424722.6213 294136010.1940
49315.4597 251945472.9257 288432998.5640 247371579.3419 294180561.8781
49385.5838 251925301.0160 288363612.5983 247317178.0068 294226151.1164
49457.3682 251904365.0853 288292926.3043 247261479.8498 294272809.1843
49530.8638 251882640.6603 288220904.5042 247204444.6708 294320568.4790
49606.1235 251860102.3323 288147510.7966 247146030.7786 294369462.5629
49683.2021 251836723.7127 288072707.4962 247086194.9184 294419526.2180
49762.1565 251812477.3915 287996455.5855 247024892.2089 294470795.4926
49843.0456 251787334.8901 287918714.6541 246962076.0674 294523307.7575
49925.9308 251761266.6122 287839442.8350 246897698.1317 294577101.7643
50010.8755 251734241.7928 287758596.7428 246831708.1818 294632217.7035
50097.9456 251706228.4450 287676131.4065 246764054.0554 294688697.2670
50187.2098 251677193.3018 287592000.1954 246694681.5571 294746583.7152
50278.7391 251647101.7589 287506154.7511 246623534.3706 294805921.9416
50372.6074 251615917.8079 287418544.8994 246550553.9522 294866758.5515
50468.8915 251583603.9730 287329118.5751 246475679.4335 294929141.9326
50567.6714 251550121.2369 287237821.7249 246398847.5045 294993122.3412
50669.0299 251515428.9708 287144598.2261 246319992.3071 295058751.9790
50773.0534 251479484.8522 287049389.7787 246239045.3048 295126085.0882
50879.8317 251442244.7847 286952135.8097 246155935.1600 295195178.0400
50989.4583 251403662.8086 286852773.3595 246070587.5944 295266089.4353
51102.0305 251363691.0082 286751236.9671 245982925.2454 295338880.2081
51217.6494 251322279.4147 286647458.5502 245892867.5163 295413613.7329
51336.4206 251279375.9014 286541367.2750 245800330.4137 295490355.9400
51458.4538 251234926.0759 286432889.4249 245705226.3831 295569175.4329
51583.8637 251188873.1616 286321948.2513 245607464.1243 295650143.6188
51712.7695 251141157.8751 286208463.8233 245506948.4033 295733334.8413
51845.2956 251091718.2931 286092352.8610 245403579.8469 295818826.5255
51981.5717 251040489.7183 285973528.5749 245297254.7386 295906699.3192
52121.7333 250987404.5271 285851900.4742 245187864.7841 295997037.2576
52265.9216 250932392.0163 285727374.1794 245075296.8762 296089927.9256
52414.2841 250875378.2365 285599851.2192 244959432.8419 296185462.6326
52566.9748 250816285.8144 285469228.8098 244840149.1697 296283736.5997
52724.1545 250755033.7675 285335399.6304 244717316.7285 296384849.1516
52885.9915 250691537.3003 285198251.5699 244590800.4562 296488903.9293
53052.6613 250625707.5942 285057667.4716 244460459.0420 296596009.1046
53224.3478 250557451.5809 284913524.8562 244326144.5821 296706277.6115
53401.2432 250486671.7010 284765695.6266 244187702.2151 296819827.3908
53583.5487 250413265.6461 284614045.7529 244044969.7322 296936781.6491
53771.4746 250337126.0856 284458434.9403 243897777.1657 297057269.1312
53965.2415 250258140.3722 284298716.2680 243745946.3451 297181424.4122
54165.0804 250176190.2327 284134735.8172 243589290.4347 297309388.1987
54371.2331 250091151.4288 283966332.2537 243427613.4230 297441307.6619
54583.9534 250002893.4060 283793336.4060 243260709.5999 297577336.7727
54803.5074 249911278.9056 283615570.7910 243088362.9758 297717636.6754
55030.1741 249816163.5625 283432849.1306 242910346.6855 297862376.0647
55264.2463 249717395.4643 283244975.8153 242726422.3319 298011731.6006
55506.0317 249614814.6840 283051745.3411 242536339.2945 298165888.3405
55755.8533 249508252.7760 282852941.6989 242339833.9843 298325040.2022
56014.0503 249397532.2418 282648337.7329 242136629.0576 298489390.4459
56280.9797 249282465.9471 282437694.4353 241926432.5581 298659152.1995
56557.0165 249162856.5068 282220760.2097 241708937.0178 298834548.9985
56842.5554 249038495.6157 281997270.0646 241483818.4781 299015815.3738
57138.0119 248909163.3354 281766944.7588 241250735.4520 299203197.4637
57443.8234 248774627.3248 281529489.8804 241009327.8084 299396953.6675
57760.4505 248634642.0079 281284594.8464 240759215.5658 299597355.3453
58088.3787 248488947.6922 281031931.8554 240499997.6258 299804687.5383
58428.1199 248337269.6050 280771154.7342 240231250.3877 300019249.7528
58780.2139 248179316.8590 280501897.7036 239952526.2682 300241356.7858
59145.2302 248014781.3456 280223774.0657 239663352.1285 300471339.5858
59523.7700 247843336.5338 279936374.7748 239363227.5702 300709546.1753
59916.4682 247664636.1795 279639266.9084 239051623.1149 300956342.6188
60323.9954 247478312.9315 279331992.0162 238727978.2468 301212114.0465
60747.0603 247283976.8307 279014064.3475 238391699.3171 301477265.7290
61186.4124 247081213.6932 278684968.9462 238042157.3000 301752224.2045
61642.8441 246869583.3595 278344159.5888 237678685.3742 302037438.4702
62117.1938 246648617.8184 277991056.5838 237300576.3525 302333381.2145
62610.3488 246417819.1803 277625044.3997 236907079.9219 302640550.1057
63123.2487 246176657.4883 277245469.1058 236497399.6848 302959469.1396
63656.8881 245924568.3776 276851635.6492 236070690.0242 303290690.0112
64212.3208 245660950.5464 276442804.9170 235626052.7432 303634793.5402
64790.6629 245385163.0501 276018190.6074 235162533.5102 303992391.1094
65393.0972 245096522.4019 275576955.8869 234679118.0888 304364126.1189
66020.8769 244794299.4732 275118209.8354 234174728.3602 304750675.4297
66675.3299 244477716.1961 274641003.6791 233648218.1516 305152750.7722
67357.8629 244145942.0619 274144326.8166 233098368.8797 305571100.0879
68069.9663 243798090.4312 273627102.6558 232523885.0494 306006508.7557
68813.2179 243433214.6560 273088184.2739 231923389.6299 306459800.6613
69589.2877 243050304.0641 272526349.9681 231295419.4082 306931839.0117
70399.9416 242648279.8174 271940298.7183 230638420.3621 307423526.8386
71247.0454 242225990.7352 271328645.6874 229950743.2221 307935807.0400
72132.5677 241782209.1445 270689917.8410 229230639.3458 308469661.8491
73058.5825 241315626.8926 270022549.8673 228476257.1445 309026111.5319
74027.2697 240824851.6885 269324880.6146 227685639.3511 309606212.0917
75040.9151 240308404.0010 268595150.3400 226856721.5113 310211051.6984
76101.9073 239764714.8049 267831499.1388 225987332.1718 310841745.5118
77212.7319 239192124.5706 267031967.0553 225075195.3963 311499428.4772
78375.9616 238588884.0177 266194496.5243 224117936.4165 312185245.5802
79594.2419 237953157.2624 265316937.9247 223113091.3751 312900338.9835
80870.2698 237283028.1745 264397059.2424 222058122.3686 313645831.3555
82206.7645 236576510.9280 263432561.0419 220950439.2196 314422804.6234
83606.4291 235831565.9279 262421098.1665 219787429.6421 315232273.3222
85071.9001 235046122.4439 261360309.7403 218566499.6111 316075151.7408
86605.6831 234218109.4192 260247859.1838 217285125.8544 316952214.1434
88210.0738 233345495.8847 259081485.8545 215940922.1909 317864047.6519
89887.0620 232426342.2117 257859069.6206 214531720.9921 318810997.8589
91638.2207 231458862.8767 256578708.9269 213055670.0403 319793108.0762
93464.5798 230441500.4393 255238811.6419 211511343.4426 320810054.3041
95366.4922 229373008.9304 253838196.0833 209897862.9120 321861079.5388
97343.4988 228252542.8159 252376197.1066 208215022.6958 322944932.8138
99394.2046 227079745.3519 250852769.3185 206463408.1102 324059820.0572
101516.1824 225854827.8753 249268576.8417 204644494.6674 325203374.9802
103705.9177 224578630.0373 247625057.4318 202760713.1513 326372658.1859
105958.8129 223252650.9832 245924449.1019 200815466.8416 327564190.9247
108269.2574 221879043.5672 244169770.3443 198813091.0714 328774026.2586
110630.7665 220460567.9127 242364750.5401 196758752.2782 329997855.2620
113036.1794 219000506.3668 240513714.3220 194658292.5221 331231140.3010
115477.8979 217502547.7228 238621430.7068 192518033.8360 332469262.9282
117948.1411 215970652.9920 236692942.8847 190344562.5543 333707671.7490
120439.1919 214408916.8622 234733396.3384 188144515.4199 334942016.3434
122943.6124 212821438.0199 232747881.2819 185924386.7219 336168256.5769
125454.4154 211212208.3070 230741301.0565 183690370.0521 337382741.3535
127965.1847 209585026.4363 228718272.6784 181448241.4343 338582255.6790
130470.1460 207943437.8088 226683060.5475 179203284.2474 339764038.8078
132964.1939 206290698.6743 224639540.3688 176960251.6391 340925778.7112
135442.8859 204629760.8631 222591188.0466 174723359.4933 342065589.0756
137902.4103 202963272.4081 220541087.3959 172496302.0811 343181974.9088
140339.5398 201293589.4369 218491950.7778 170282282.9932 344273791.9496
142751.5754 199622795.2486 216446147.5693 168084055.0508 345340203.9317
145136.2886 197952723.3183 214405736.4931 165903964.3335 346380640.5638
147491.8632 196284981.8161 212372498.9324 163743994.8468 347394758.0569
149816.8419 194620977.9737 210347971.2998 161605811.5303 348382403.2271
152110.0760 192961941.2426 208333475.2896 159490800.2407 349343581.6111
154370.6817 191308944.6546 206330145.4072 157400104.0289 350278429.6352
156598.0009 189662924.1052 204338953.5374 155334655.4794 351187190.6441
158791.5673 188024695.5099 202360730.5843 153295205.1937 352070194.4522
160951.0769 186394969.9014 200396185.3375 151282346.6512 352927840.0359
163076.3634 184774366.6193 198445920.8137 149296537.7810 353760580.9651
165167.3761 183163424.7870 196510448.3584 147338119.6183 354568913.1908
167224.1622 181562613.2540 194590199.7664 145407332.3854 355353364.8510
169246.8506 179972339.2058 192685537.6966 143504329.3507 356114487.7798
171235.6392 178392955.6161 190796764.6173 141629188.7689 356852850.4540
173190.7833 176824767.6955 188924130.4896 139781924.1700 357569032.1515
175112.5861 175268038.4796 187067839.3759 137962493.2361 358263618.1223
177001.3905 173722993.6828 185228055.1360 136170805.4746 358937195.6098
178857.5721 172189825.9166 183404906.3428 134406728.8573 359590350.5835
180681.5333 170668698.3667 181598490.5337 132670095.5761 360223665.0681
182473.6983 169159748.0091 179808877.9039 130960707.0484 360837714.9697
184234.5087 167663088.4194 178036114.5062 129278338.2638 361433068.3224
185964.4197 166178812.2467 176280225.0501 127622741.5844 362010283.8826
187663.8971 164706993.3882 174541215.3430 125993650.0599 362569910.0170
189333.4144 163247688.9087 172819074.4299 124390780.3298 363112483.8360
190973.4506 161800940.7409 171113776.4742 122813835.1693 363638530.5334
192584.4883 160366777.1890 169425282.4091 121262505.7196 364148562.8981
194167.0118 158945214.2702 167753541.4001 119736473.4536 364643080.9704
195721.5056 157536256.9110 166098492.1393 118235411.9064 365122571.8165
197248.4535 156139900.0124 164460063.9901 116758988.1972 365587509.4066
198748.3370 154756129.4088 162838178.0097 115306864.3757 366038354.5741
200221.6350 153384922.7212 161232747.8513 113878698.6046 366475555.0464
201668.8225 152026250.1343 159643680.5822 112474146.2129 366899545.5305
203090.3704 150680075.0868 158070877.4019 111092860.6162 367310747.8490
204486.7444 149346354.9028 156514234.2971 109734494.1397 367709571.1115
205858.4052 148025041.3614 154973642.6273 108398698.7423 368096411.9185
207205.8076 146716081.2070 153448989.6435 107085126.6504 368471654.5917
208529.4004 145419416.6191 151940158.9654 105793430.9255 368835671.4226
209829.6261 144134985.6398 150447031.0106 104523265.9636 369188822.9359
211106.9206 142862722.5586 148969483.3776 103274287.9316 369531458.1660
212361.7134 141602558.2666 147507391.1975 102046155.1543 369863914.9413
213594.4269 140354420.5783 146060627.4480 100838528.4522 370186520.1742
214805.4767 139118234.5296 144629063.2462 99651071.4416 370499590.1541
215995.2716 137893922.6480 143212568.1080 98483450.7938 370803430.8420
217164.2133 136681405.2002 141811010.1864 97335336.4606 371098338.1657
218312.6964 135480600.4187 140424256.4861 96206401.8690 371384598.3138
219441.1086 134291424.7122 139052173.0625 95096324.0914 371662488.0255
220549.8306 133113792.8620 137694625.2060 94004783.9936 371932274.8777
221639.2362 131947618.1953 136351477.6015 92931466.3542 372194217.5690
222709.6923 130792812.7518 135022594.4823 91876059.9705 372448566.1971
223761.5587 129649287.4352 133707839.7683 90838257.7456 372695562.5318
224795.1887 128516952.1507 132407077.1890 89817756.7568 372935440.2825
225810.9288 127395715.9384 131120170.4046 88814258.3156 373168425.3583
226809.1189 126285487.0893 129846983.1066 87827468.0088 373394736.1236
227790.0921 125186173.2574 128587379.1174 86857095.7319 373614583.6461
228754.1755 124097681.5628 127341222.4798 85902855.7121 373828171.9383
229701.6893 123019918.6869 126108377.5375 84964466.5212 374035698.1927
230632.9478 121952790.9597 124888709.0106 84041651.0802 374237353.0106
231548.2591 120896204.4441 123682082.0656 83134136.6581 374433320.6232
232447.9250 119850065.0082 122488362.3747 82241654.8606 374623779.1077
233332.2415 118814278.3995 121307416.1779 81363941.6174 374808900.5953
234201.4986 117788750.3081 120139110.3323 80500737.1605 374988851.4739
235055.9807 116773386.4291 118983312.3632 79651785.9999 375163792.5836
235895.9664 115768092.5186 117839890.5071 78816836.8948 375333879.4069
236721.7288 114772774.4453 116708713.7515 77995642.8188 375499262.2517
237533.5354 113787338.2409 115589651.8735 77187960.9260 375660086.4295
238331.6486 112811690.1450 114482575.4729 76393552.5106 375816492.4264
239116.3253 111845736.6484 113387356.0046 75612182.9669 375968616.0694
239887.8173 110889384.5291 112303865.8027 74843621.7422 376116588.6871
240646.3715 109942540.8921 111231978.1100 74087642.2941 376260537.2645
241392.2295 109005113.2014 110171567.0990 73344022.0410 376400584.5928
242125.6285 108077009.3115 109122507.8928 72612542.3140 376536849.4138
242846.8006 107158137.4979 108084676.5857 71892988.3068 376669446.5602
243555.9732 106248406.4806 107057950.2559 71185149.0227 376798487.0900
244253.3695 105347725.4522 106042206.9844 70488817.2239 376924078.4168
244939.2077 104456004.1002 105037325.8674 69803789.3791 377046324.4357
245613.7021 103573152.6269 104043187.0266 69129865.6080 377165325.6442
246277.0624 102699081.7716 103059671.6221 68466849.6299 377281179.2597
246929.4943 101833702.8261 102086661.8591 67814548.7078 377393979.3321
247571.1990 100976927.6527 101124040.9966 67172773.5943 377503816.8532
248202.3741 100128668.7001 100171693.3549 66541338.4783 377610779.8614
248823.2131 99288839.0151 99229504.3186 65920060.9284 377714953.5437
249433.9055 98457352.2585 98297360.3440 65308761.8412 377816420.3330
250034.6371 97634122.7143 97375148.9604 64707265.3847 377915260.0031
250625.5900 96819065.3023 96462758.7743 64115398.9462 378011549.7594
251206.9427 96012095.5856 95560079.4697 63532993.0770 378105364.3269
251778.8700 95213129.7823 94667001.8110 62959881.4409 378196776.0350
252341.5434 94422084.7698 93783417.6407 62395900.7587 378285854.8993
252895.1309 93638878.0934 92909219.8800 61840890.7572 378372668.7004
253439.7971 92863427.9734 92044302.5291 61294694.1174 378457283.0602
253975.7035 92095653.3093 91188560.6639 60757156.4218 378539761.5147
254503.0082 91335473.6852 90341890.4344 60228126.1042 378620165.5855
255021.8663 90582809.3749 89504189.0638 59707454.3997 378698554.8475
255532.4298 89837581.3443 88675354.8430 59194995.2938 378774986.9950
256034.8477 89099711.2538 87855287.1270 58690605.4726 378849517.9055
256529.2661 88369121.4603 87043886.3306 58194144.2744 378922201.7005
257015.8281 87645735.0207 86241053.9250 57705473.6421 378993090.8051
257494.6741 86929475.6928 85446692.4332 57224458.0757 379062236.0046
257965.9418 86220267.9376 84660705.4260 56750964.5863 379129686.4998
258429.7660 85518036.9170 83882997.5138 56284862.6483 379195489.9600
258886.2790 84822708.4943 83113474.3403 55826024.1537 379259692.5742
259335.6104 84134209.2359 82352042.5801 55374323.3693 379322339.1007
259777.8875 83452466.4099 81598609.9305 54929636.8916 379383472.9143
260213.2350 82777407.9834 80853085.1035 54491843.6024 379443136.0530
260641.7749 82108962.6251 80115377.8235 54060824.6286 379501369.2618
261063.6273 81447059.6996 79385398.8154 53636463.2975 379558212.0356
261478.9097 80791629.2671 78663059.7998 53218645.0961 379613702.6610
261887.7373 80142602.0809 77948273.4852 52807257.6310 379667878.2558
262290.2232 79499909.5862 77240953.5616 52402190.5881 379720774.8076
262686.4782 78863483.9156 76541014.6908 52003335.6929 379772427.2108
263076.6111 78233257.8889 75848372.5026 51610586.6729 379822869.3027
263460.7284 77609165.0075 75162943.5829 51223839.2185 379872133.8981
263838.9347 76991139.4526 74484645.4680 50842990.9460 379920252.8225
264211.3326 76379116.0806 73813396.6356 50467941.3607 379967256.9447
264578.0227 75773030.4214 73149116.4981 50098591.8216 380013176.2075
264939.1037 75172818.6731 72491725.3932 49734845.5054 380058039.6582
265294.6724 74578417.6989 71841144.5765 49376607.3719 380101875.4774
265644.8236 73989765.0211 71197296.2109 49023784.1288 380144711.0071
265989.6506 73406798.8196 70560103.3612 48676284.1998 380186572.7777
266329.2447 72829457.9271 69929489.9853 48334017.6915 380227486.5344
266663.6955 72257681.8245 69305380.9254 47996896.3607 380267477.2619
266993.0909 71691410.6339 68687701.8968 47664833.5814 380306569.2093
267317.5174 71130585.1194 68076379.4853 47337744.3168 380344785.9135
267637.0594 70575146.6767 67471341.1326 47015545.0854 380382150.2218
267951.8000 70025037.3324 66872515.1322 46698153.9337 380418684.3139
268261.8207 69480199.7380 66279830.6194 46385490.4054 380454409.7235
268567.2015 68940577.1652 65693217.5631 46077475.5134 380489347.3581
268868.0208 68406113.4986 65112606.7548 45774031.7101 380523517.5195
269164.3556 67876753.2350 64537929.8047 45475082.8614 380556939.9225
269456.2814 67352441.4756 63969119.1303 45180554.2188 380589633.7135
269743.8724 66833123.9206 63406107.9478 44890372.3921 380621617.4886
270027.2014 66318746.8662 62848830.2652 44604465.3244 380652909.3104
270306.3396 65809257.1970 62297220.8723 44322762.2653 380683526.7252
270581.3573 65304602.3831 61751215.3340 44045193.7466 380713486.7788
270852.3232 64804730.4732 61210749.9805 43771691.5571 380742806.0323
271119.3048 64309590.0912 60675761.9008 43502188.7194 380771500.5768
271382.3682 63819130.4295 60146188.9328 43236619.4647 380799586.0484
271641.5787 63333301.2441 59621969.6558 42974919.2108 380827077.6422
271897.0000 62852052.8489 59103043.3814 42717024.5382 380853990.1256
272148.6948 62375336.1109 58589350.1461 42462873.1683 380880337.8519
272396.7245 61903102.4459 58080830.7041 42212403.9419 380906134.7728
272641.1497 61435303.8121 57577426.5185 41965556.7977 380931394.4506
272882.0295 60971892.7045 57079079.7520 41722272.7498 380956130.0705
273119.4221 60512822.1505 56585733.2612 41482493.8689 380980354.4516
273353.3848 60058045.7046 56097330.5871 41246163.2610 381004080.0585
273583.9736 59607517.4427 55613815.9482 41013225.0480 381027319.0119
273811.2436 59161191.9578 55135134.2330 40783624.3482 381050083.0988
274035.2488 58719024.3529 54661230.9902 40557307.2567 381072383.7829
274256.0424 58280970.2387 54192052.4245 40334220.8281 381094232.2142
274473.6766 57846985.7254 53727545.3857 40114313.0563 381115639.2385
274688.2025 57417027.4191 53267657.3624 39897532.8578 381136615.4066
274899.6703 56991052.4172 52812336.4758 39683830.0542 381157170.9829
275108.1296 56569018.3013 52361531.4696 39473155.3539 381177315.9542
275313.6288 56150883.1344 51915191.7056 39265460.3365 381197060.0378
275516.2155 55736605.4556 51473267.1554 39060697.4359 381216412.6895
275715.9364 55326144.2716 51035708.3905 38858819.9226 381235383.1116
275912.8376 54919459.0566 50602466.5795 38659781.8899 381253980.2601
276106.9641 54516509.7444 50173493.4784 38463538.2372 381272212.8522
276298.3603 54117256.7244 49748741.4246 38270044.6551 381290089.3733
276487.0696 53721660.8349 49328163.3277 38079257.6094 381307618.0836
276673.1349 53329683.3620 48911712.6668 37891134.3284 381324807.0248
276856.5982 52941286.0311 48499343.4802 37705632.7865 381341664.0267
277037.5006 52556431.0035 48091010.3595 37522711.6914 381358196.7131
277215.8828 52175080.8720 47686668.4440 37342330.4696 381374412.5079
277391.7845 51797198.6545 47286273.4115 37164449.2529 381390318.6410
277565.2449 51422747.7922 46889781.4756 36989028.8657 381405922.1537
277736.3024 51051692.1417 46497149.3757 36816030.8113 381421229.9043
277904.9947 50683995.9716 46108334.3715 36645417.2590 381436248.5734
278071.3590 50319623.9600 45723294.2391 36477151.0332 381450984.6688
278235.4317 49958541.1868 45341987.2615 36311195.5990 381465444.5306
278397.2486 49600713.1299 44964372.2230 36147515.0513 381479634.3361
278556.8450 49246105.6625 44590408.4052 35986074.1032 381493560.1042
278714.2553 48894685.0459 44220055.5777 35826838.0736 381507227.7001
278869.5135 48546417.9277 43853273.9950 35669772.8770 381520642.8396
279022.6532 48201271.3353 43490024.3882 35514845.0112 381533811.0933
279173.7070 47859212.6730 43130267.9610 35362021.5475 381546737.8907
279322.7072 47520209.7175 42773966.3832 35211270.1197 381559428.5242
279469.6856 47184230.6123 42421081.7836 35062558.9130 381571888.1529
279614.6732 46851243.8657 42071576.7470 34915856.6551 381584121.8065
279757.7007 46521218.3445 41725414.3062 34771132.6047 381596134.3886
279898.7981 46194123.2709 41382557.9371 34628356.5426 381607930.6806
280037.9951 45869928.2188 41042971.5543 34487498.7621 381619515.3448
280175.3207 45548603.1083 40706619.5036 34348530.0587 381630892.9278
280310.8035 45230118.2029 40373466.5584 34211421.7216 381642067.8639
280444.4716 44914444.1051 40043477.9134 34076145.5245 381653044.4777
280576.3525 44601551.7525 39716619.1799 33942673.7166 381663826.9878
280706.4735 44291412.4152 39392856.3816 33810979.0140 381674419.5089
280834.8612 43983997.6883 39072155.9461 33681034.5907 381684826.0555
280961.5418 43679279.4918 38754484.7029 33552814.0706 381695050.5440
281086.5412 43377230.0648 38439809.8775 33426291.5190 381705096.7957
281209.8846 43077821.9637 38128099.0874 33301441.4356 381714968.5391
281331.5971 42781028.0561 37819320.3355 33178238.7448 381724669.4128
281451.7030 42486821.5180 37513442.0052 33056658.7892 381734202.9677
281570.2266 42195175.8311 37210432.8580 32936677.3218 381743572.6693
281687.1915 41906064.7773 36910262.0253 32818270.4977 381752781.9001
281802.6211 41619462.4368 36612899.0069 32701414.8683 381761833.9620
281916.5381 41335343.1848 36318313.6651 32586087.3730 381770732.0781
282028.9652 41053681.6867 36026476.2202 32472265.3326 381779479.3949
282139.9245 40774452.8955 35737357.2459 32359926.4422 381788078.9847
282249.4378 40497632.0468 35450927.6639 32249048.7643 381796533.8470
282357.5265 40223194.6594 35167158.7428 32139610.7233 381804846.9109
282464.2118 39951116.5275 34886022.0901 32031591.0973 381813021.0367
282569.5142 39681373.7197 34607489.6497 31924969.0129 381821059.0178
282673.4543 39413942.5749 34331533.6968 31819723.9384 381828963.5825
282776.0520 39148799.6999 34058126.8348 31715835.6779 381836737.3956
282877.3270 38885921.9664 33787241.9911 31613284.3656 381844383.0600
282977.2989 38625286.5063 33518852.4121 31512050.4594 381851903.1188
283075.9865 38366870.7105 33252931.6600 31412114.7353 381859300.0560
283173.4088 38110652.2244 32989453.6087 31313458.2819 381866576.2988
283269.5842 37856608.9450 32728392.4388 31216062.4942 381873734.2189
283364.5307 37604719.0182 32469722.6349 31119909.0688 381880776.1334
283458.2664 37354960.8356 32213418.9812 31024979.9983 381887704.3072
283550.8087 37107313.0331 31959456.5592 30931257.5664 381894520.9532
283642.1750 36861754.4863 31707810.7427 30838724.3424 381901228.2345
283732.3822 36618264.3077 31458457.1936 30747363.1762 381907828.2653
283821.4471 36376821.8429 31211371.8578 30657157.1928 381914323.1124
283909.3862 36137406.6719 30966530.9654 30568089.7890 381920714.7958
283996.2156 35899998.6018 30723911.0228 30480144.6269 381927005.2907
284081.9513 35664577.6657 30483488.8109 30393305.6302 381933196.5281
284166.6090 35431124.1211 30245241.3825 30307556.9796 381939290.3959
284250.2040 35199618.4449 30009146.0567 30222883.1074 381945288.7403
284332.7517 34970041.3335 29775180.4185 30139268.6946 381951193.3667
284414.2669 34742373.6976 29543322.3126 30056698.6651 381957006.0406
284494.7644 34516596.6619 29313549.8424 29975158.1826 381962728.4888
284574.2585 34292691.5616 29085841.3662 29894632.6459 381968362.4001
284652.7636 34070639.9386 28860175.4921 29815107.6844 381973909.4265
284730.2936 33850423.5403 28636531.0767 29736569.1546 381979371.1839
284806.8624 33632024.3179 28414887.2225 29659003.1364 381984749.2534
284882.4835 33415424.4227 28195223.2736 29582395.9287 381990045.1815
284957.1703 33200606.2035 27977518.8124 29506734.0458 381995260.4815
285030.9359 32987552.2055 27761753.6579 29432004.2137 382000396.6341
285103.7933 32776245.1665 27547907.8615 29358193.3664 382005455.0881
285175.7552 32566668.0163 27335961.7053 29285288.6425 382010437.2615
285246.8342 32358803.8731 27125895.6987 29213277.3816 382015344.5418
285317.0426 32152636.0413 26917690.5747 29142147.1206 382020178.2872
285386.3925 31948148.0095 26711327.2882 29071885.5905 382024939.8269
285454.8958 31745323.4496 26506787.0136 29002480.7134 382029630.4621
285522.5645 31544146.2119 26304051.1403 28933920.5987 382034251.4665
285589.4101 31344600.3256 26103101.2721 28866193.5402 382038804.0871
285655.4439 31146669.9952 25903919.2231 28799288.0129 382043289.5446
285720.6772 30950339.5983 25706487.0151 28733192.6698 382047709.0343
285785.1211 30755593.6838 25510786.8752 28667896.3388 382052063.7267
285848.7864 30562416.9709 25316801.2342 28603388.0204 382056354.7676
285911.6839 30370794.3457 25124512.7232 28539656.8837 382060583.2795
285973.8242 30180710.8601 24933904.1711 28476692.2648 382064750.3613
286035.2176 29992151.7283 24744958.6017 28414483.6625 382068857.0897
286095.8743 29805102.3281 24557659.2334 28353020.7374 382072904.5188
286155.8045 29619548.1953 24371989.4740 28292293.3072 382076893.6816
286215.0180 29435475.0239 24187932.9200 28232291.3455 382080825.5895
286273.5247 29252868.6626 24005473.3528 28173004.9782 382084701.2338
286331.3341 29071715.1157 23824594.7392 28114424.4820 382088521.5853
286388.4558 28892000.5384 23645281.2259 28056540.2808 382092287.5954
286444.8990 28713711.2374 23467517.1402 27999342.9443 382096000.1961
286500.6729 28536833.6669 23291286.9851 27942823.1845 382099660.3008
286555.7866 28361354.4284 23116575.4391 27886971.8541 382103268.8044
286610.2491 28187260.2681 22943367.3526 27831779.9436 382106826.5842
286664.0690 28014538.0755 22771647.7468 27777238.5794 382110334.4995
286717.2550 27843174.8819 22601401.8114 27723339.0217 382113793.3930
286769.8157 27673157.8587 22432614.9023 27670072.6618 382117204.0905
286821.7595 27504474.3150 22265272.5393 27617431.0200 382120567.4014
286873.0945 27337111.6971 22099360.4049 27565405.7439 382123884.1191
286923.8289 27171057.5863 21934864.3418 27513988.6059 382127155.0216
286973.9709 27006299.6967 21771770.3502 27463171.5011 382130380.8715
287023.5281 26842825.8748 21610064.5875 27412946.4456 382133562.4166
287072.5085 26680624.0977 21449733.3654 27363305.5746 382136700.3898
287120.9196 26519682.4707 21290763.1478 27314241.1397 382139795.5103
287168.7691 26359989.2270 21133140.5498 27265745.5080 382142848.4828
287216.0643 26201532.7242 20976852.3341 27217811.1591 382145859.9988
287262.8127 26044301.4455 20821885.4114 27170430.6843 382148830.7362
287309.0213 25888283.9964 20668226.8372 27123596.7841 382151761.3601
287354.6974 25733469.1036 20515863.8105 27077302.2670 382154652.5225
287399.8479 25579845.6141 20364783.6722 27031540.0471 382157504.8634
287444.4797 25427402.4938 20214973.9031 26986303.1428 382160319.0103
287488.5997 25276128.8246 20066422.1218 26941584.6750 382163095.5788
287532.2144 25126013.8051 19919116.0839 26897377.8654 382165835.1729
287575.3306 24977046.7484 19773043.6800 26853676.0351 382168538.3852
287617.9548 24829217.0801 19628192.9336 26810472.6024 382171205.7971
287660.0933 24682514.3373 19484551.9996 26767761.0820 382173837.9791
287701.7525 24536928.1682 19342109.1632 26725535.0829 382176435.4910
287742.9385 24392448.3296 19200852.8380 26683788.3069 382178998.8821
287783.6576 24249064.6867 19060771.5649 26642514.5478 382181528.6915
287823.9157 24106767.2116 18921854.0102 26601707.6891 382184025.4484
287863.7189 23965545.9816 18784088.9642 26561361.7030 382186489.6719
287903.0730 23825391.1775 18647465.3387 26521470.6485 382188921.8718
287941.9838 23686293.0835 18511972.1672 26482028.6708 382191322.5484
287980.4569 23548242.0853 18377598.6018 26443029.9991 382193692.1929
288018.4981 23411228.6692 18244333.9133 26404468.9460 382196031.2872
288056.1128 23275243.4214 18112167.4890 26366339.9055 382198340.3048
288093.3065 23140277.0259 17981088.8314 26328637.3525 382200619.7104
288130.0846 23006320.2640 17851087.5568 26291355.8406 382202869.9600
288166.4524 22873364.0134 17722153.3942 26254490.0018 382205091.5018
288202.4151 22741399.2462 17594276.1835 26218034.5443 382207284.7757
288237.9780 22610417.0278 17467445.8737 26181984.2520 382209450.2134
288273.1459 22480408.5168 17341652.5228 26146333.9830 382211588.2394
288307.9241 22351364.9639 17216886.2965 26111078.6687 382213699.2701
288342.3173 22223277.7100 17093137.4657 26076213.3123 382215783.7147
288376.3305 22096138.1847 16970396.4055 26041732.9877 382217841.9750
288409.9685 21969937.9075 16848653.5957 26007632.8389 382219874.4458
288443.2359 21844668.4845 16727899.6170 25973908.0784 382221881.5148
288476.1376 21720321.6081 16608125.1513 25940553.9859 382223863.5628
288508.6780 21596889.0572 16489320.9808 25907565.9082 382225820.9640
288540.8616 21474362.6941 16371477.9855 25874939.2571 382227754.0859
288572.6931 21352734.4655 16254587.1433 25842669.5093 382229663.2897
288604.1767 21231996.4005 16138639.5286 25810752.2046 382231548.9302
288635.3168 21112140.6099 16023626.3105 25779182.9456 382233411.3560
288666.1177 20993159.2846 15909538.7517 25747957.3961 382235250.9097
288696.5836 20875044.6954 15796368.2076 25717071.2805 382237067.9278
288726.7187 20757789.1924 15684106.1262 25686520.3828 382238862.7412
288756.5270 20641385.2039 15572744.0460 25656300.5461 382240635.6749
288786.0127 20525825.2349 15462273.5948 25626407.6709 382242387.0484
288815.1798 20411101.8665 15352686.4890 25596837.7148 382244117.1758
288844.0321 20297207.7556 15243974.5329 25567586.6913 382245826.3656
288872.5735 20184135.6326 15136129.6162 25538650.6690 382247514.9213
288900.8079 20071878.3032 15029143.7157 25510025.7712 382249183.1409
288928.7391 19960428.6447 14923008.8916 25481708.1746 382250831.3177
288956.3708 19849779.6066 14817717.2877 25453694.1084 382252459.7399
288983.7065 19739924.2093 14713261.1301 25425979.8536 382254068.6906
289010.7501 19630855.5437 14609632.7263 25398561.7424 382255658.4485
289037.5050 19522566.7717 14506824.4661 25371436.1579 382257229.2873
289063.9748 19415051.1225 14404828.8175 25344599.5321 382258781.4764
289090.1629 19308301.8929 14303638.3265 25318048.3457 382260315.2805
289116.0728 19202312.4478 14203245.6179 25291779.1278 382261830.9598
289141.7078 19097076.2190 14103643.3939 25265788.4550 382263328.7705
289167.0713 18992586.7035 14004824.4321 25240072.9503 382264808.9643
289192.1666 18888837.4632 13906781.5850 25214629.2825 382266271.7888
289216.9969 18785822.1246 13809507.7796 25189454.1659 382267717.4875
289241.5654 18683534.3777 13712996.0166 25164544.3592 382269146.2998
289265.8753 18581967.9748 13617239.3685 25139896.6650 382270558.4615
289289.9297 18481116.7316 13522230.9805 25115507.9293 382271954.2041
289313.7316 18380974.5242 13427964.0680 25091375.0404 382273333.7555
289337.2841 18281535.2895 13334431.9163 25067494.9288 382274697.3401
289360.5902 18182793.0256 13241627.8811 25043864.5663 382276045.1784
289383.6529 18084741.7891 13149545.3856 25020480.9653 382277377.4873
289406.4749 17987375.6951 13058177.9206 24997341.1783 382278694.4804
289429.0593 17890688.9173 12967519.0439 24974442.2973 382279996.3676
289451.4089 17794675.6872 12877562.3801 24951781.4534 382281283.3557
289473.5264 17699330.2930 12788301.6189 24929355.8160 382282555.6480
289495.4145 17604647.0782 12699730.5139 24907162.5919 382283813.4445
289517.0761 17510620.4430 12611842.8832 24885199.0257 382285056.9422
289538.5138 17417244.8413 12524632.6076 24863462.3981 382286286.3348
289559.7303 17324514.7828 12438093.6310 24841950.0264 382287501.8131
289580.7281 17232424.8307 12352219.9592 24820659.2634 382288703.5645
289601.5098 17140969.6007 12267005.6582 24799587.4967 382289891.7740
289622.0780 17050143.7617 12182444.8550 24778732.1489 382291066.6231
289642.4353 16959942.0341 12098531.7357 24758090.6763 382292228.2908
289662.5840 16870359.1904 12015260.5462 24737660.5689 382293376.9533
289682.5266 16781390.0534 11932625.5898 24717439.3497 382294512.7838
289702.2655 16693029.4966 11850621.2281 24697424.5745 382295635.9531
289721.8032 16605272.4435 11769241.8797 24677613.8311 382296746.6291
289741.1419 16518113.8659 11688482.0188 24658004.7387 382297844.9771
289760.2841 16431548.7847 11608336.1759 24638594.9479 382298931.1600
289779.2318 16345572.2695 11528798.9367 24619382.1402 382300005.3380
289797.9876 16260179.4370 11449864.9411 24600364.0271 382301067.6691
289816.5534 16175365.4509 11371528.8827 24581538.3500 382302118.3085
289834.9317 16091125.5224 11293785.5093 24562902.8799 382303157.4092
289853.1244 16007454.9076 11216629.6199 24544455.4166 382304185.1220
289871.1339 15924348.9086 11140056.0664 24526193.7886 382305201.5951
289888.9621 15841802.8732 11064059.7524 24508115.8525 382306206.9747
289906.6112 15759812.1930 10988635.6317 24490219.4926 382307201.4046
289924.0833 15678372.3043 10913778.7091 24472502.6208 382308185.0266
289941.3803 15597478.6867 10839484.0388 24454963.1757 382309157.9801
289958.5043 15517126.8635 10765746.7247 24437599.1227 382310120.4025
289975.4573 15437312.4001 10692561.9186 24420408.4533 382311072.4293
289992.2412 15358030.9046 10619924.8211 24403389.1848 382312014.1937
290008.8579 15279278.0267 10547830.6802 24386539.3601 382312945.8272
290025.3094 15201049.4575 10476274.7907 24369857.0470 382313867.4590
290041.5976 15123340.9289 10405252.4941 24353340.3383 382314779.2165
290057.7242 15046148.2140 10334759.1788 24336987.3510 382315681.2254
290073.6912 14969467.1248 10264790.2771 24320796.2263 382316573.6092
290089.5003 14893293.5137 10195341.2677 24304765.1289 382317456.4899
290105.1533 14817623.2720 10126407.6730 24288892.2471 382318329.9874
290120.6521 14742452.3299 10057985.0599 24273175.7921 382319194.2199
290135.9983 14667776.6557 9990069.0384 24257613.9978 382320049.3041
290151.1937 14593592.2558 9922655.2619 24242205.1206 382320895.3547
290166.2399 14519895.1741 9855739.4262 24226947.4390 382321732.4848
290181.1386 14446681.4919 9789317.2695 24211839.2531 382322560.8059
290195.8916 14373947.3269 9723384.5715 24196878.8847 382323380.4279
290210.5004 14301688.8338 9657937.1534 24182064.6767 382324191.4589
290224.9666 14229902.2022 9592970.8763 24167394.9927 382324994.0058
290239.2918 14158583.6583 9528481.6425 24152868.2171 382325788.1734
290253.4777 14087729.4634 9464465.3944 24138482.7546 382326574.0656
290267.5258 14017335.9131 9400918.1129 24124237.0298 382327351.7844
290281.4375 13947399.3379 9337835.8183 24110129.4871 382328121.4304
290295.2145 13877916.1018 9275214.5693 24096158.5901 382328883.1028
290308.8582 13808882.6036 9213050.4633 24082322.8221 382329636.8994
290322.3700 13740295.2747 9151339.6350 24068620.6849 382330382.9165
290335.7516 13672150.5797 9090078.2563 24055050.6992 382331121.2492
290349.0042 13604445.0164 9029262.5369 24041611.4039 382331851.9912
290362.1293 13537175.1143 8968888.7221 24028301.3563 382332575.2346
290375.1284 13470337.4355 8908953.0939 24015119.1315 382333291.0706
290388.0028 13403928.5735 8849451.9698 24002063.3222 382333999.5888
290400.7538 13337945.1530 8790381.7027 23989132.5385 382334700.8777
290413.3829 13272383.8296 8731738.6801 23976325.4077 382335395.0245
290425.8914 13207241.2903 8673519.3249 23963640.5741 382336082.1152
290438.2806 13142514.2521 8615720.0939 23951076.6988 382336762.2346
290450.5518 13078199.4621 8558337.4776 23938632.4591 382337435.4661
290462.7062 13014293.6971 8501368.0002 23926306.5488 382338101.8924
290474.7453 12950793.7632 8444808.2189 23914097.6775 382338761.5945
290486.6701 12887696.4965 8388654.7240 23902004.5711 382339414.6528
290498.4821 12824998.7607 8332904.1378 23890025.9704 382340061.1461
290510.1823 12762697.4489 8277553.1150 23878160.6322 382340701.1525
290521.7720 12700789.4822 8222598.3420 23866407.3282 382341334.7488
290533.2524 12639271.8099 8168036.5368 23854764.8450 382341962.0108
290544.6247 12578141.4085 8113864.4479 23843231.9842 382342583.0132
290555.8900 12517395.2819 8060078.8549 23831807.5618 382343197.8298
290567.0496 12457030.4617 8006676.5680 23820490.4082 382343806.5333
290578.1045 12397044.0063 7953654.4277 23809279.3682 382344409.1955
290589.0558 12337432.9996 7901009.3034 23798173.3003 382345005.8870
290599.9048 12278194.5532 7848738.0949 23787171.0768 382345596.6776
290610.6524 12219325.8037 7796837.7304 23776271.5839 382346181.6363
290621.2998 12160823.9137 7745305.1674 23765473.7211 382346760.8308
290631.8480 12102686.0711 7694137.3917 23754776.4009 382347334.3282
290642.2982 12044909.4900 7643331.4178 23744178.5494 382347902.1945
290652.6512 11987491.4087 7592884.2881 23733679.1052 382348464.4950
290662.9083 11930429.0900 7542793.0719 23723277.0197 382349021.2939
290673.0704 11873719.8216 7493054.8665 23712971.2571 382349572.6547
290683.1384 11817360.9153 7443666.7964 23702760.7936 382350118.6400
290693.1135 11761349.7068 7394626.0122 23692644.6181 382350659.3116
290702.9966 11705683.5554 7345929.6916 23682621.7311 382351194.7303
290712.7887 11650359.8437 7297575.0380 23672691.1452 382351724.9563
290722.4906 11595375.9786 7249559.2817 23662851.8851 382352250.0490
290732.1035 11540729.3892 7201879.6780 23653102.9865 382352770.0668
290741.6282 11486417.5275 7154533.5077 23643443.4970 382353285.0676
290751.0656 11432437.8678 7107518.0767 23633872.4752 382353795.1083
290760.4168 11378787.9073 7060830.7161 23624388.9912 382354300.2452
290769.6825 11325465.1646 7014468.7810 23614992.1256 382354800.5338
290778.8636 11272467.1810 6968429.6518 23605680.9704 382355296.0288
290787.9611 11219791.5190 6922710.7325 23596454.6278 382355786.7844
290796.9759 11167435.7626 6877309.4511 23587312.2111 382356272.8539
290805.9087 11115397.5170 6832223.2590 23578252.8436 382356754.2900
290814.7605 11063674.4081 6787449.6310 23569275.6591 382357231.1445
290823.5321 11012264.0832 6742986.0654 23560379.8014 382357703.4689
290832.2244 10961164.2097 6698830.0828 23551564.4246 382358171.3137
290840.8380 10910372.4757 6654979.2272 23542828.6925 382358634.7290
290849.3740 10859886.5899 6611431.0650 23534171.7788 382359093.7640
290857.8330 10809704.2799 6568183.1841 23525592.8667 382359548.4674
290866.2159 10759823.2942 6525233.1949 23517091.1491 382359998.8874
290874.5235 10710241.3999 6482578.7295 23508665.8281 382360445.0713
290882.7565 10660956.3844 6440217.4414 23500316.1152 382360887.0661
290890.9157 10611966.0537 6398147.0056 23492041.2311 382361324.9178
290899.0019 10563268.2326 6356365.1176 23483840.4053 382361758.6723
290907.0158 10514860.7659 6314869.4949 23475712.8766 382362188.3745
290914.9581 10466741.5162 6273657.8750 23467657.8924 382362614.0689
290922.8297 10418908.3642 6232728.0154 23459674.7087 382363035.7995
290930.6311 10371359.2102 6192077.6951 23451762.5902 382363453.6096
290938.3632 10324091.9718 6151704.7125 23443920.8103 382363867.5421
290946.0267 10277104.5840 6111606.8851 23436148.6503 382364277.6392
290953.6222 10230394.9998 6071782.0507 23428445.4000 382364683.9428
290961.1504 10183961.1898 6032228.0662 23420810.3574 382365086.4939
290968.6120 10137801.1431 5992942.8088 23413242.8284 382365485.3333
290976.0078 10091912.8646 5953924.1735 23405742.1271 382365880.5012
290983.3383 10046294.3773 5915170.0751 23398307.5752 382366272.0372
290990.6042 10000943.7203 5876678.4464 23390938.5022 382366659.9807
290997.8062 9955858.9494 5838447.2385 23383634.2454 382367044.3702
291004.9450 9911038.1376 5800474.4216 23376394.1494 382367425.2440
291012.0211 9866479.3740 5762757.9833 23369217.5664 382367802.6398
291019.0352 9822180.7645 5725295.9301 23362103.8562 382368176.5950
291025.9880 9778140.4299 5688086.2848 23355052.3853 382368547.1463
291032.8799 9734356.5080 5651127.0891 23348062.5279 382368914.3300
291039.7118 9690827.1520 5614416.4013 23341133.6651 382369278.1822
291046.4841 9647550.5307 5577952.2973 23334265.1849 382369638.7383
291053.1974 9604524.8284 5541732.8698 23327456.4824 382369996.0332
291059.8524 9561748.2447 5505756.2284 23320706.9593 382370350.1017
291066.4496 9519218.9941 5470020.4994 23314016.0242 382370700.9778
291072.9896 9476935.3067 5434523.8257 23307383.0924 382371048.6954
291079.4730 9434895.4279 5399264.3673 23300807.5857 382371393.2878
291085.9003 9393097.6168 5364240.2993 23294288.9323 382371734.7879
291092.2721 9351540.1475 5329449.8133 23287826.5670 382372073.2282
291098.5890 9310221.3080 5294891.1164 23281419.9306 382372408.6411
291104.8515 9269139.4022 5260562.4325 23275068.4706 382372741.0580
291111.0600 9228292.7472 5226462.0004 23268771.6404 382373070.5106
291117.2153 9187679.6735 5192588.0738 23262528.8995 382373397.0296
291123.3177 9147298.5262 5158938.9222 23256339.7133 382373720.6458
291129.3679 9107147.6646 5125512.8307 23250203.5536 382374041.3895
291135.3662 9067225.4613 5092308.0989 23244119.8976 382374359.2904
291141.3133 9027530.3018 5059323.0407 23238088.2285 382374674.3782
291147.2097 8988060.5858 5026555.9854 23232108.0352 382374986.6819
291153.0558 8948814.7258 4994005.2766 23226178.8121 382375296.2305
291158.8521 8909791.1483 4961669.2727 23220300.0597 382375603.0524
291164.5991 8870988.2919 4929546.3459 23214471.2834 382375907.1757
291170.2974 8832404.6091 4897634.8832 23208691.9946 382376208.6283
291175.9473 8794038.5642 4865933.2847 23202961.7097 382376507.4376
291181.5493 8755888.6340 4834439.9642 23197279.9503 382376803.6308
291187.1040 8717953.3086 4803153.3502 23191646.2438 382377097.2347
291192.6118 8680231.0900 4772071.8837 23186060.1223 382377388.2759
291198.0731 8642720.4928 4741194.0201 23180521.1232 382377676.7804
291203.4884 8605420.0443 4710518.2280 23175028.7892 382377962.7743
291208.8581 8568328.2830 4680042.9887 23169582.6675 382378246.2830
291214.1826 8531443.7594 4649766.7965 23164182.3107 382378527.3320
291219.4625 8494765.0364 4619688.1591 23158827.2759 382378805.9461
291224.6982 8458290.6879 4589805.5964 23153517.1254 382379082.1502
291229.8900 8422019.3002 4560117.6418 23148251.4261 382379355.9685
291235.0384 8385949.4710 4530622.8407 23143029.7495 382379627.4252
291240.1438 8350079.8093 4501319.7513 23137851.6719 382379896.5441
291245.2066 8314408.9347 4472206.9433 23132716.7741 382380163.3489
291250.2272 8278935.4791 4443282.9996 23127624.6415 382380427.8628
291255.2061 8243658.0851 4414546.5148 23122574.8640 382380690.1089
291260.1436 8208575.4060 4385996.0952 23117567.0359 382380950.1098
291265.0402 8173686.1064 4357630.3594 23112600.7558 382381207.8881
291269.8962 8138988.8616 4329447.9374 23107675.6268 382381463.4661
291274.7120 8104482.3574 4301447.4710 23102791.2562 382381716.8656
291279.4879 8070165.2903 4273627.6135 23097947.2555 382381968.1085
291284.2245 8036036.3673 4245987.0293 23093143.2402 382382217.2162
291288.9220 8002094.3058 4218524.3945 23088378.8302 382382464.2099
291293.5808 7968337.8335 4191238.3962 23083653.6494 382382709.1107
291298.2013 7934765.6885 4164127.7329 23078967.3257 382382951.9393
291302.7839 7901376.6188 4137191.1134 23074319.4910 382383192.7161
291307.3288 7868169.3821 4110427.2579 23069709.7809 382383431.4615
291311.8366 7835142.7471 4083834.8974 23065137.8353 382383668.1956
291316.3074 7802295.4911 4057412.7732 23060603.2977 382383902.9380
291320.7417 7769626.4019 4031159.6375 23056105.8153 382384135.7085
291325.1398 7737134.2768 4005074.2528 23051645.0392 382384366.5265
291329.5021 7704817.9223 3979155.3918 23047220.6242 382384595.4110
291333.8288 7672676.1554 3953401.8380 23042832.2287 382384822.3810
291338.1203 7640707.8013 3927812.3847 23038479.5148 382385047.4552
291342.3770 7608911.6951 3902385.8349 23034162.1480 382385270.6522
291346.5992 7577286.6809 3877121.0023 23029879.7975 382385491.9903
291350.7872 7545831.6124 3852016.7101 23025632.1359 382385711.4875
291354.9413 7514545.3523 3827071.7917 23021418.8394 382385929.1619
291359.0618 7483426.7716 3802285.0894 23017239.5874 382386145.0309
291363.1490 7452474.7509 3777655.4558 23013094.0627 382386359.1123
291367.2034 7421688.1791 3753181.7526 23008981.9515 382386571.4233
291371.2250 7391065.9544 3728862.8514 23004902.9434 382386781.9809
291375.2144 7360606.9835 3704697.6329 23000856.7311 382386990.8022
291379.1717 7330310.1815 3680684.9871 22996843.0105 382387197.9038
291383.0972 7300174.4720 3656823.8129 22992861.4808 382387403.3024
291386.9913 7270198.7871 3633113.0186 22988911.8442 382387607.0143
291390.8543 7240382.0672 3609551.5213 22984993.8061 382387809.0556
291394.6864 7210723.2613 3586138.2472 22981107.0749 382388009.4425
291398.4879 7181221.3262 3562872.1313 22977251.3621 382388208.1907
291402.2590 7151875.2267 3539752.1170 22973426.3821 382388405.3159
291406.0002 7122683.9364 3516777.1571 22969631.8525 382388600.8336
291409.7116 7093646.4364 3493946.2124 22965867.4936 382388794.7590
291413.3936 7064761.7155 3471258.2523 22962133.0285 382388987.1075
291417.0463 7036028.7707 3448712.2548 22958428.1835 382389177.8939
291420.6701 7007446.6068 3426307.2062 22954752.6875 382389367.1331
291424.2653 6979014.2362 3404042.1010 22951106.2723 382389554.8397
291427.8320 6950730.6785 3381915.9418 22947488.6722 382389741.0282
291431.3705 6922594.9617 3359927.7395 22943899.6247 382389925.7131
291434.8812 6894606.1208 3338076.5132 22940338.8696 382390108.9084
291438.3642 6866763.1986 3316361.2899 22936806.1495 382390290.6282
291441.8199 6839065.2448 3294781.1044 22933301.2098 382390470.8864
291445.2484 6811511.3164 3273334.9989 22929823.7981 382390649.6968
291448.6499 6784100.4781 3252022.0242 22926373.6651 382390827.0729
291452.0249 6756831.8014 3230841.2382 22922950.5637 382391003.0282
291455.3734 6729704.3652 3209791.7067 22919554.2494 382391177.5759
291458.6958 6702717.2550 3188872.5028 22916184.4802 382391350.7293
291461.9922 6675869.5639 3168082.7074 22912841.0166 382391522.5013
291465.2629 6649160.3915 3147421.4086 22909523.6216 382391692.9048
291468.5081 6622588.8444 3126887.7019 22906232.0603 382391861.9526
291471.7281 6596154.0364 3106480.6903 22902966.1006 382392029.6572
291474.9231 6569855.0871 3086199.4836 22899725.5125 382392196.0311
291478.0933 6543691.1239 3066043.1991 22896510.0685 382392361.0867
291481.2389 6517661.2797 3046010.9607 22893319.5430 382392524.8361
291484.3602 6491764.6949 3026101.8999 22890153.7133 382392687.2915
291487.4573 6466000.5164 3006315.1551 22887012.3585 382392848.4647
291490.5306 6440367.8969 2986649.8712 22883895.2600 382393008.3676
291493.5801 6414865.9959 2967105.2001 22880802.2015 382393167.0120
291496.6061 6389493.9789 2947680.3005 22877732.9688 382393324.4092
291499.6089 6364251.0184 2928374.3377 22874687.3498 382393480.5709
291502.5885 6339136.2920 2909186.4836 22871665.1347 382393635.5084
291505.5453 6314148.9848 2890115.9171 22868666.1157 382393789.2328
291508.4795 6289288.2875 2871161.8234 22865690.0871 382393941.7553
291511.3911 6264553.3968 2852323.3941 22862736.8453 382394093.0867
291514.2805 6239943.5153 2833599.8274 22859806.1886 382394243.2381
291517.1479 6215457.8519 2814990.3275 22856897.9174 382394392.2201
291519.9933 6191095.6214 2796494.1053 22854011.8341 382394540.0434
291522.8171 6166856.0443 2778110.3779 22851147.7431 382394686.7185
291525.6193 6142738.3467 2759838.3680 22848305.4507 382394832.2558
291528.4003 6118741.7606 2741677.3051 22845484.7651 382394976.6656
291531.1601 6094865.5240 2723626.4244 22842685.4963 382395119.9582
291533.8991 6071108.8803 2705684.9673 22839907.4565 382395262.1436
291536.6172 6047471.0790 2687852.1813 22837150.4595 382395403.2318
291539.3148 6023951.3745 2670127.3195 22834414.3210 382395543.2327
291541.9921 6000549.0271 2652509.6411 22831698.8586 382395682.1562
291544.6491 5977263.3024 2634998.4109 22829003.8915 382395820.0118
291547.2860 5954093.4716 2617592.8996 22826329.2410 382395956.8091
291549.9032 5931038.8117 2600292.3839 22823674.7298 382396092.5577
291552.5006 5908098.6041 2583096.1455 22821040.1826 382396227.2670
291555.0785 5885272.1365 2566003.4724 22818425.4258 382396360.9462
291557.6371 5862558.7014 2549013.6580 22815830.2875 382396493.6046
291560.1765 5839957.5957 2532126.0004 22813254.5972 382396625.2512
