15 10
2.790430 4.393199 2.447876 3.037829 2.290302 3.572998 3.925217 2.056029 1.372270 3.203489 
3.089747 2.584476 2.359190 1.572609 1.161961 2.539878 2.252215 1.680060 0.641723 1.604912 
2.989064 3.489141 3.482932 2.786519 3.267231 3.614926 3.711141 1.976455 1.955646 3.057874 
3.542299 3.167804 2.996701 2.146685 2.562385 3.317977 3.562465 2.213826 1.866069 2.335223 
3.567436 3.790368 3.115256 2.676615 3.082073 4.100464 4.535025 2.613651 1.498157 2.621576 
3.779993 4.593484 3.392573 2.189947 2.880100 2.959356 3.768904 2.011249 1.400970 3.152163 
3.682745 3.738928 3.086123 2.297639 2.276907 2.787470 4.293838 2.165308 2.057993 3.310656 
3.684145 3.528468 2.847237 2.016073 2.652429 3.421593 4.268871 2.297730 1.753802 2.580734 
4.660784 5.286218 3.687769 3.248148 2.570527 4.110019 5.551152 2.557957 2.141635 4.107758 
3.640125 4.495087 3.331395 2.900393 3.076952 3.976794 3.766889 2.389134 1.401477 3.053131 
2.907387 2.753168 2.793166 1.950131 2.628758 2.112567 2.661019 2.583682 1.819013 0.855296 
3.577299 4.099642 3.192439 3.269976 2.108455 3.676353 3.707907 2.476052 1.566171 3.873373 
2.803807 4.026956 2.583945 2.314266 1.593049 3.142265 3.287756 2.045451 1.375058 3.610005 
4.474806 5.172072 3.491638 3.276273 2.883858 3.568133 5.355709 2.701193 1.962370 3.659440 
3.143958 3.860805 2.570252 1.681020 2.122483 2.010556 2.718152 1.113783 1.074943 2.669793 
