15 10
2.966146 2.620000 4.242790 3.475958 2.617943 3.911349 3.016567 3.466265 3.458401 3.933527 
2.163280 1.563381 2.274222 2.319766 1.444942 2.279288 2.383092 2.770343 1.485670 2.737191 
2.520530 2.213285 4.406798 3.229723 2.783225 3.007172 2.927958 3.393098 3.085653 3.127322 
2.609942 2.442868 3.278615 3.021967 2.412181 3.060010 3.323568 2.925084 2.360629 3.233071 
2.673945 2.568560 4.016931 3.025357 2.660014 3.264989 2.823916 3.687190 3.129656 4.151324 
2.845602 3.188284 3.311728 3.879306 3.281701 3.504585 2.578776 3.550810 2.783256 3.530211 
2.081798 2.879771 3.366308 3.337443 3.842792 2.925407 2.406437 3.395663 3.701034 3.713704 
2.524783 2.436812 3.343351 3.391125 2.962437 2.833035 3.117258 4.141018 3.043722 3.893984 
3.859940 4.015811 4.373654 4.690857 3.801554 4.799812 3.989303 4.652585 3.944495 4.791048 
2.055828 3.206187 4.331589 3.028711 3.458137 3.785601 2.200069 3.499494 2.911526 3.608039 
2.225902 2.725473 2.812069 3.972214 2.434597 3.427094 2.448231 3.090855 2.776689 3.297161 
2.937476 3.004608 5.123909 3.374129 3.909586 3.374186 2.162641 3.650498 3.630026 3.759205 
2.604873 1.951796 3.549124 3.013319 2.674499 2.861521 3.035131 2.784068 3.183165 3.627342 
3.663445 3.929072 4.794200 4.554749 4.235029 4.637653 3.071454 4.099608 4.453773 5.302667 
2.682432 1.985318 2.692322 3.329254 2.247487 2.492072 2.471287 2.915680 2.232756 2.853105 
