15 10
4.066673 1.890859 3.230245 3.533416 3.387545 3.031138 3.066434 3.329585 3.465365 3.474019 
1.709044 1.406002 1.877993 2.363586 1.957327 2.160473 1.433236 1.997784 2.030037 1.925484 
3.472122 1.883572 1.875120 3.259358 3.656293 2.695501 2.311669 2.573153 2.755718 3.662107 
2.893632 2.413537 2.394649 3.150435 2.619318 2.812473 2.791387 2.208538 2.446313 2.766571 
3.938072 2.599744 2.252012 3.112216 3.455300 2.129141 2.446995 3.022839 3.251806 3.900263 
3.034185 2.618813 2.241303 4.160239 3.568070 3.129546 2.536182 3.345278 3.442565 3.096242 
3.394576 2.519369 2.400212 3.139365 2.486970 2.146079 2.126908 2.876115 3.553335 3.705331 
3.081835 2.857753 2.771731 3.581385 3.088523 2.252552 2.299594 3.292939 2.969321 3.436012 
4.128309 2.972245 3.554151 5.264109 4.183795 3.714872 3.249351 4.237254 4.690464 4.537512 
4.265409 2.409145 2.755476 2.843948 3.913925 3.073137 3.076074 2.987486 3.271694 3.447758 
2.251607 1.957778 1.828690 2.311763 1.996129 2.577594 2.468062 2.182251 2.042315 2.472733 
4.201833 2.658862 3.356922 3.921971 4.195100 2.698283 2.473776 3.686213 3.354739 3.111323 
3.210400 1.974464 2.811740 3.568510 2.600117 2.849517 2.510854 2.641823 3.356418 2.824224 
4.932491 3.615312 3.814465 4.513260 3.452039 2.895428 3.641850 3.821989 4.407083 3.803619 
2.325351 1.867866 2.299142 3.510059 2.267957 2.946907 2.045325 2.552127 2.803312 2.237414 
