15 10
4.249397 2.625856 3.424463 4.029879 3.427842 3.040809 2.745923 4.279192 3.698088 4.602185 
2.411140 2.029463 2.673998 3.734867 2.704812 2.505140 2.006736 3.768614 2.420776 2.203737 
2.385266 1.760819 1.665428 2.948991 2.554417 2.252965 2.211452 2.266763 2.126459 2.721046 
4.480850 2.881009 3.126399 3.425635 3.329162 3.021159 3.783788 2.680773 3.273081 3.261651 
3.927801 2.645264 2.324631 3.845296 3.470815 2.389641 2.272127 3.799090 3.621594 3.727098 
3.627398 3.029519 2.488235 4.309436 4.014030 2.945495 2.836892 3.208729 3.495858 2.998555 
3.114769 2.721696 2.093153 3.239366 3.290062 2.032730 1.545152 3.460852 3.176114 3.711237 
3.148784 2.808589 2.185944 3.197873 2.909751 2.105408 2.047149 2.836018 3.295541 3.554932 
2.596140 1.825531 1.763908 3.277059 2.350473 2.399131 2.320570 1.990456 3.038587 2.809387 
3.685816 2.453238 2.808931 3.415476 3.692696 3.278689 2.497442 2.580748 3.320073 3.532064 
4.348474 3.273409 3.250790 4.387531 3.631182 3.829593 3.690010 3.565733 4.233598 3.654494 
4.305953 2.715011 3.878463 4.551809 4.033397 3.911412 3.260536 3.625251 4.000091 3.809661 
3.936902 2.443286 3.821581 3.685864 3.216439 3.415385 3.499946 3.888203 3.537705 3.043368 
3.791478 2.296035 2.830716 3.434634 3.197870 2.290726 3.078951 3.034871 2.698754 2.547202 
3.313994 2.877429 3.700928 4.010087 2.342258 2.896929 2.624370 3.683677 3.685195 2.717137 
