15 10
3.857028 4.311469 3.059058 3.242348 3.427634 3.576556 4.934776 2.686443 2.412905 3.100790 
3.831480 3.599248 2.855214 2.358155 1.724372 2.509904 3.104639 1.969651 0.930296 2.792556 
2.263962 2.788901 2.461338 1.885400 2.527374 2.605668 3.088407 1.793127 1.715887 2.176465 
3.442769 4.346487 2.980583 2.874621 3.216027 3.855630 4.346483 2.357697 1.748465 2.810719 
3.905632 4.619554 3.291955 2.758729 3.163846 3.854086 4.441180 2.575962 1.011140 3.214843 
2.751290 4.325829 2.952290 2.389190 2.807625 3.031044 3.618856 2.471659 1.942238 3.599332 
4.317199 3.328806 3.332948 2.483052 2.505242 3.430958 4.174549 2.912104 1.641315 2.370563 
2.957191 3.417731 2.648024 1.920931 2.473896 3.427258 3.868086 3.016514 1.869872 2.594092 
2.356210 3.266114 2.206261 1.921940 1.757858 2.632729 3.425755 1.807887 1.445382 2.374176 
3.618200 3.530935 3.117667 2.853588 2.702627 2.888289 3.685377 1.943375 2.416996 2.518180 
4.211975 5.508859 3.993885 2.992505 3.686803 3.004626 4.351884 2.725329 2.118586 3.076386 
3.952323 4.597391 3.101031 3.397642 2.597710 3.594946 4.373160 2.373640 2.205957 3.214550 
3.655694 5.334488 2.867515 2.568269 2.485165 3.653021 3.811452 2.228203 0.956618 3.559099 
3.194821 3.729431 2.630830 2.886012 2.190500 2.839037 3.932049 1.505351 1.388626 3.175806 
4.402307 5.006903 2.982688 1.982596 2.218794 2.492716 3.874989 1.582074 0.981634 3.255336 
