15 10
3.639551 2.961268 4.769353 4.761713 3.404462 3.698938 3.495036 4.784449 4.561250 4.590930 
3.414672 2.563202 3.170669 3.635488 2.855706 3.223938 2.688210 3.477693 2.735869 3.395700 
2.217436 1.953484 2.896673 2.995888 2.151493 2.648174 2.810773 2.682751 2.551726 2.699481 
2.899705 3.057888 4.335367 3.375231 2.888906 4.036014 3.115561 3.146146 3.145323 4.125345 
3.546749 2.469857 4.093361 3.580679 2.726508 3.241968 2.828886 3.818450 3.414943 4.542544 
2.518611 3.249806 4.029328 3.702274 3.800133 3.237615 2.137669 2.912640 3.424869 3.389996 
2.769640 3.039482 3.616145 3.450766 3.201928 2.941952 2.254956 4.011511 3.085822 3.894428 
2.098495 2.284203 3.307265 3.158691 2.912927 2.420009 2.597387 3.371639 3.375855 3.946345 
2.483094 2.315827 2.590911 2.864475 1.817750 3.047228 2.766456 2.217629 2.423251 3.095123 
2.442276 3.538749 4.401699 3.766550 3.372210 3.457165 2.053299 3.562132 2.952737 2.954819 
3.310557 4.058772 4.660617 5.444452 4.286247 4.782846 2.816190 4.314908 4.305565 4.908439 
3.718880 3.646565 4.991031 4.553428 3.265708 4.343831 3.207277 4.183642 3.647744 4.151595 
2.747438 2.705694 3.797611 3.747752 3.362294 3.996797 3.238697 4.068883 3.444975 4.472582 
2.818337 3.278632 3.834395 2.967821 3.293843 3.937434 2.295706 2.653550 2.877301 3.121675 
3.039367 2.521238 3.247634 4.088805 3.451904 3.196007 2.835240 4.311291 3.340123 4.506497 
