15 10
3.859658 3.548399 4.390086 4.598162 2.904075 4.700160 3.238505 4.335076 3.543488 4.054284 
2.672863 1.895331 2.768637 2.812065 2.303896 2.955234 2.843759 2.647467 2.474140 3.056921 
2.922618 1.574733 4.028357 3.168717 2.423609 2.777055 3.376735 3.150489 3.190865 3.480205 
3.848056 3.542349 3.510316 3.683758 2.175812 3.955829 2.857286 2.707513 2.624554 3.969413 
3.430229 3.498860 3.539275 4.058915 3.415096 4.291459 2.870227 3.679423 3.802183 5.176143 
2.082317 2.596047 3.133848 3.920248 2.979569 2.968153 2.064264 3.278388 3.227386 3.439311 
1.746477 2.260287 2.672210 2.553296 2.538864 1.952257 1.370580 2.054287 2.762477 2.923618 
2.498867 1.751217 3.041779 2.536293 2.096493 2.244897 2.477026 3.040081 2.582165 3.175951 
3.213748 3.602467 4.200234 3.971888 3.146146 3.995156 3.022403 4.201817 2.943687 3.991648 
2.493885 3.308596 4.741518 2.743427 3.347711 3.653412 1.773222 3.205275 2.581089 3.521880 
2.573823 2.449820 3.203819 3.877238 3.124562 2.772804 2.246801 2.814095 3.753241 4.022484 
3.494470 3.384984 4.443312 4.448387 3.570383 3.589755 2.579186 4.653514 3.642550 4.793181 
2.552785 2.124853 3.700601 3.502825 2.872256 3.110861 2.679992 3.671004 3.504741 4.067170 
3.012571 2.916395 4.142597 3.339918 3.593289 3.295743 2.513299 3.821896 3.439346 4.097204 
3.440393 2.547630 3.707449 4.806346 3.135424 3.143350 3.361665 4.706580 3.721330 4.454293 
