15 10
3.685674 4.554934 2.568533 3.321771 2.882450 3.139574 4.462649 1.832580 1.703330 2.675948 
2.666893 3.797589 2.386495 1.989809 2.064269 2.670953 3.069576 1.427874 0.765426 3.044986 
2.716428 3.926181 3.061455 2.526110 3.126400 3.584408 3.504269 1.996114 1.420770 3.404092 
3.705641 3.628410 2.689658 2.647521 2.243560 3.225510 4.249010 2.745256 1.644415 2.112037 
4.117653 5.305007 3.454851 2.667526 2.769918 3.625636 5.041294 2.867686 1.078640 3.434599 
2.445180 4.441095 2.448387 1.866033 2.988122 2.493957 2.898068 2.305388 1.467129 2.531490 
2.801327 2.548377 2.453891 1.796840 1.772798 2.094392 3.015702 2.277403 1.683453 2.001653 
2.484840 3.141674 1.969875 1.933888 1.574620 3.004400 3.393190 1.820010 1.065398 2.796009 
4.298576 4.195720 3.428469 2.852911 2.168666 3.728220 4.433054 2.389310 1.904777 2.993949 
3.984235 4.334102 3.125239 3.042015 2.773393 3.577454 4.014871 1.593763 1.309514 3.056681 
2.833364 3.587413 2.528690 1.917608 2.339565 2.001708 3.434100 2.411936 1.814324 2.396249 
4.173652 4.472440 3.131036 2.595864 2.510387 3.367567 4.566428 2.638289 1.674452 2.907526 
3.045462 4.155587 2.302261 2.444994 1.782083 3.086028 3.035476 2.473950 1.121000 2.868485 
3.574697 4.518377 2.937150 2.618481 2.699065 3.606316 4.615734 2.080578 1.288484 3.791242 
3.839840 4.842904 2.940795 2.159899 2.841767 2.931063 3.978954 2.259138 1.702865 3.115539 
