15 10
4.130105 2.283197 3.856773 4.139861 3.595794 3.460550 3.439426 4.183964 3.347952 3.582283 
2.631300 1.701307 2.250514 3.320844 2.495973 2.371939 2.484990 2.977497 2.377496 2.199871 
3.362174 1.865468 2.158998 3.488001 3.160440 2.684728 2.553492 2.979518 2.640895 3.175924 
3.412506 2.956322 2.427282 4.119378 3.111667 2.743480 2.837592 2.813448 3.409964 2.966341 
4.013131 3.052608 2.372926 4.247358 3.297054 2.478414 2.858790 3.821860 4.431253 3.828935 
3.065281 2.282523 2.348433 3.288796 3.031431 3.152810 2.595474 3.153426 3.249140 2.993763 
2.593659 2.020918 1.201610 2.134289 1.724569 1.594315 1.227052 1.657589 2.939144 2.913068 
2.698061 2.050269 2.333781 3.455879 2.943863 1.851980 1.665209 2.995204 2.798643 2.787609 
3.553300 2.790166 3.082297 4.431797 4.068269 3.341954 2.548999 3.252788 3.976311 3.762979 
4.759318 2.872270 3.296778 3.154654 3.795289 2.774666 3.127871 2.571266 3.390532 2.955097 
3.116939 2.782894 2.395588 3.283742 1.873880 2.123741 2.409124 2.542963 3.191056 2.668818 
3.903854 3.710598 3.571416 4.846495 4.041802 2.700707 2.523057 3.952733 4.059574 3.424654 
3.400144 2.013618 3.493104 3.022164 2.575775 2.884808 2.576345 3.470459 3.105859 2.816029 
4.047789 3.115673 2.993466 4.345296 4.005788 2.192529 2.585677 3.961574 3.588876 3.376184 
3.201406 2.881733 3.470281 4.667280 3.190714 3.458951 2.539370 4.091449 3.814117 3.494935 
