10 15
25.399802 26.696584 28.361191 23.350772 27.863311 21.199328 24.164343 25.349707 34.588357 27.316627 24.575496 27.535429 30.792704 25.605128 25.217959 
30.929760 33.232210 33.872539 28.380200 32.906910 25.808804 29.728569 29.735153 41.954300 33.029698 28.912236 33.002039 36.684603 30.711819 30.735168 
29.511713 31.338562 32.735110 27.624899 32.268885 24.559531 28.273468 29.408289 40.653339 32.026474 28.615885 31.784363 36.146970 30.047117 29.150185 
20.730202 22.743989 22.173240 19.189417 22.406640 17.368093 19.697452 20.528804 28.611243 22.940022 20.271435 22.321136 24.858892 21.419841 20.516416 
29.763812 32.324542 32.955846 27.607742 32.059800 25.382640 28.266201 29.161529 40.675588 32.472353 28.346097 32.450062 35.578515 30.608608 29.552851 
30.919298 33.147122 33.349552 28.234371 33.190188 26.261773 28.772850 30.028676 41.946462 32.991720 28.792304 32.558957 36.488626 30.337036 30.445966 
19.522034 20.606860 21.866845 17.508352 21.119874 16.333348 18.609096 18.859758 26.353882 21.209052 18.626804 20.956165 23.539292 19.600473 19.605767 
27.633388 30.250840 30.372840 25.837788 29.782512 23.239296 26.653325 27.685398 37.668840 29.585301 26.522244 29.884649 33.042321 28.301453 27.914076 
29.595155 32.041777 32.768993 27.140752 31.645526 25.356673 28.286604 28.633498 39.900610 31.561936 27.435056 31.874622 34.898090 29.382118 29.660253 
25.698869 28.084109 28.272996 23.890276 28.841691 21.632134 25.072455 25.525954 35.653954 28.381645 24.946771 27.867615 31.835730 26.048966 25.820182 
