10 15
31.095808 27.061682 27.943790 23.964232 16.698275 21.913651 29.405216 24.051896 32.069688 28.823122 26.698603 20.597553 27.410047 22.824424 17.862761 
36.132788 31.477820 33.385994 28.968665 19.943007 24.524478 34.168842 28.582064 37.377322 35.218088 31.190752 24.895117 31.044000 29.122478 22.053063 
35.436907 30.639023 32.829727 28.094061 19.246550 24.500156 33.260644 27.680182 36.228039 33.170865 29.863162 23.871591 30.557197 27.230434 21.561036 
25.448664 21.735799 23.132155 20.137794 13.668386 17.862489 23.978826 20.161066 25.724757 23.982288 21.474425 17.512279 22.317084 18.513236 14.615581 
35.709320 30.766706 31.377643 27.207102 18.849247 23.980022 32.929428 27.665546 35.493634 33.302257 29.936108 24.107281 30.750412 25.685608 20.530964 
35.653076 30.928781 31.455987 27.386624 19.121493 24.171602 33.550459 28.227429 36.180297 34.489143 30.900118 24.311115 30.837474 26.886306 20.488844 
22.698565 20.025925 20.196587 17.701843 12.241950 15.790701 21.530736 17.873065 23.600508 21.240565 19.718287 15.827873 19.841358 17.126289 13.069015 
33.623953 29.109267 30.976378 26.271705 18.496630 23.426233 32.072317 26.595987 34.406104 32.901343 28.664389 22.428641 29.329852 25.374059 19.739473 
35.078636 30.598344 31.150649 27.106140 19.039622 23.489284 32.622979 27.470413 35.764658 33.885825 30.383392 23.548227 30.047444 27.069430 20.687853 
31.794773 27.255394 28.559843 24.828825 16.690079 22.036669 29.686851 24.736180 32.146521 29.370184 26.978648 21.486130 27.623691 23.737431 18.419326 
