10 15
26.831084 22.240312 20.933610 29.174168 27.045350 27.126808 20.186731 22.231782 26.223352 21.093918 25.972772 33.317584 25.999428 29.690548 27.964469 
32.100223 27.063503 25.103726 35.000084 32.842705 32.628966 23.516786 25.432694 31.772202 24.974483 32.630926 40.696780 31.558033 36.100883 34.724172 
30.733316 26.057224 24.565101 33.870705 31.839765 31.775658 23.121754 25.218936 30.373571 24.391450 30.821711 39.304637 30.261367 34.833980 33.222828 
20.624716 17.360001 16.610670 22.503201 20.856984 20.996405 15.424694 17.474392 20.451978 16.283847 19.784718 25.718428 20.274422 23.019712 21.796585 
30.441863 25.620210 23.497655 32.729021 30.148657 31.213440 22.250580 24.952704 29.087568 23.593362 29.637454 37.689648 29.551667 33.865181 30.990580 
31.764769 26.117639 24.209035 33.933838 30.935432 32.021785 23.164398 25.420316 30.392787 24.206212 30.836556 38.985536 30.593129 34.968051 32.180682 
19.679201 16.230573 15.089701 21.443697 19.803094 19.534251 14.640789 15.882900 19.265664 15.246236 19.138549 24.320798 19.174948 21.538248 20.710669 
29.206948 24.559595 23.346801 31.619860 29.599991 29.992566 21.691909 23.968093 29.176281 23.079147 28.887041 36.985816 29.034558 33.580613 31.151178 
31.907243 26.536071 24.334407 34.069142 31.032480 32.287667 22.851903 25.084170 30.570684 24.213373 31.544681 39.519633 30.921720 35.653977 32.590430 
27.072576 22.119962 20.917221 28.845638 26.699109 27.163487 19.992908 21.500569 26.016634 20.616210 25.889776 32.939708 25.499127 29.553764 28.162652 
