10 15
28.703154 24.205659 22.641026 31.356526 29.802447 29.348121 21.259074 22.889694 28.502616 22.454926 29.072252 36.507620 28.075212 32.345491 31.442220 
32.081755 26.680159 24.628913 34.556327 32.424428 32.415904 23.432987 25.010857 31.498382 24.567950 32.247677 40.122922 30.936010 35.834290 34.474008 
26.820210 22.244788 20.511517 28.888250 26.954383 26.931076 19.579320 21.745099 25.898778 20.681054 26.355294 33.470944 25.981437 29.662143 27.854914 
27.624699 23.278579 22.223981 30.300711 28.181876 28.439415 20.628018 22.786554 27.774725 22.029707 27.689517 35.087899 27.625916 31.596760 29.760515 
28.867622 23.965558 22.423067 31.335468 29.414881 29.469619 21.409877 23.233692 27.959667 22.457356 28.820327 36.572352 28.015582 32.193123 30.306534 
32.918121 27.494105 26.376854 35.866621 33.949507 33.486841 24.697698 26.755603 32.866594 26.050963 32.719486 41.594665 32.228130 37.129108 35.839757 
33.205132 27.799962 26.261898 35.849895 33.559588 33.965716 24.562003 26.958130 32.623914 25.896365 32.667949 41.493059 32.195011 37.355274 35.387034 
24.661434 21.315686 19.962951 27.589829 25.662472 25.346469 18.440797 21.130329 24.942339 19.950597 24.758793 31.894484 25.183225 28.199527 26.534197 
31.158359 26.196205 24.381772 34.260762 32.228970 31.857161 23.296684 25.306716 30.771862 24.529646 31.411016 39.418662 30.510671 34.637410 33.606680 
22.956945 19.492144 18.604971 25.220278 23.189362 23.653452 17.052224 19.487746 23.086686 18.320651 22.773591 29.026117 23.094986 26.199350 24.403649 
