10 15
28.114337 30.670094 30.774452 25.561373 30.742028 23.032123 27.246625 27.276100 38.166276 30.567960 26.742431 29.757028 34.032064 28.165572 28.327621 
31.599973 35.285441 34.525406 28.900454 33.600391 26.451743 31.686056 30.387950 42.714050 34.046939 30.023156 34.105693 37.631799 32.292547 32.507395 
25.918346 27.987948 28.657531 23.908316 27.877687 22.103860 25.361114 25.159182 35.353138 27.684959 24.622630 28.231140 31.040791 26.051193 26.299248 
26.328188 29.317612 28.588121 24.076724 28.433721 21.919404 25.530602 26.177517 35.573271 28.503818 25.343652 28.190900 31.414812 27.081648 26.980223 
26.657969 27.585738 29.050125 24.680230 29.470328 22.320768 24.594048 26.399844 36.474442 28.182741 25.276871 27.774999 32.415402 25.704921 25.820624 
30.598479 32.659025 33.977066 28.488224 34.241279 25.221281 29.563746 30.607208 42.239997 32.959517 29.263061 32.952046 37.699537 30.309754 30.666056 
32.428358 36.269131 35.518020 29.995533 35.627265 27.023565 32.074754 32.047199 44.496767 35.551273 31.197304 35.193770 39.390554 33.291211 33.231037 
23.669405 24.656131 25.995579 21.756283 24.501715 19.852697 21.898125 23.195310 31.866128 25.308748 22.857327 25.545082 27.510654 24.252583 22.881989 
31.332659 34.072157 33.772811 28.466217 33.562787 25.926118 30.054228 30.336031 42.488687 33.993607 30.051120 33.138377 37.458171 31.817371 31.275629 
24.082015 26.975769 25.304045 21.365834 25.554667 19.673949 22.721563 23.270752 32.223903 25.904517 22.179324 25.026995 27.719136 23.767160 24.509004 
