10 15
33.575290 29.161629 31.034128 27.052438 18.399999 23.266335 31.706491 26.701332 34.723128 31.829297 28.853446 23.356982 28.911315 26.309741 20.336297 
37.363396 32.313342 34.480300 29.841247 20.563225 25.700709 35.504877 29.699802 38.823772 36.293089 32.192032 26.299267 32.350274 29.620474 22.492351 
30.424138 26.387739 27.408443 23.923651 16.726563 20.978362 28.926474 24.051696 31.596795 29.527153 26.466973 21.069708 26.783698 23.391849 17.604069 
32.622816 27.892950 30.088247 25.483960 17.453750 22.553110 30.663977 25.778800 33.107056 31.218735 27.613350 21.792324 28.103518 24.831836 19.511710 
31.583172 27.301734 28.773117 24.897012 17.198152 21.738049 29.977859 24.684638 32.522532 30.264092 27.371804 21.223059 27.549814 24.716873 18.741951 
37.394679 32.469175 34.714211 29.721717 20.308158 26.204449 35.464496 29.432718 38.592974 35.587834 32.141220 24.678712 32.465709 29.183527 22.425987 
39.606780 34.037399 36.181931 31.201824 21.312067 27.503364 37.094770 31.410661 40.297893 37.387075 33.619252 26.928611 34.185691 29.761447 23.436547 
28.833966 25.102931 26.598459 22.949027 16.107386 20.090374 27.392496 22.445618 29.887363 27.654990 24.625429 19.529699 25.406573 21.839434 17.067003 
37.135520 31.805403 34.070381 29.443282 19.890824 25.453475 34.990482 29.259558 37.915570 35.076747 31.491406 25.964552 32.099515 28.681905 22.271941 
27.566269 24.013577 24.970886 21.674551 15.163340 19.290978 25.997939 22.897453 28.340113 26.936303 24.120342 18.939727 23.570957 20.591944 16.228488 
