10 15
29.949509 31.991104 33.372724 28.046218 32.525172 24.804188 29.412823 29.509914 41.175453 31.958364 28.644184 32.383930 36.524983 30.115938 30.099435 
27.497631 28.611587 30.380908 25.293671 29.794743 23.124158 24.967840 27.363496 37.625503 30.083845 26.704823 29.516562 33.116472 28.092928 26.556983 
28.423106 30.669957 31.354151 26.320336 30.062265 23.653753 28.046926 27.534777 38.845082 30.485750 26.863979 31.161841 33.658029 28.751011 28.490658 
20.462904 22.505209 21.792665 18.847882 21.398123 17.442151 19.936453 19.690533 27.856073 22.068761 19.645835 22.145811 24.038827 21.080152 20.287886 
30.036523 32.032139 32.537427 27.883451 32.606517 25.494271 27.437422 29.915534 41.193620 32.549388 28.674369 31.599149 36.051156 30.165889 29.311718 
27.752269 29.663711 30.069683 25.765654 30.256350 23.576065 25.792373 27.393014 38.395030 30.387155 26.730059 29.631910 33.536858 27.974165 27.203952 
26.935908 28.591499 29.756699 24.168959 28.510199 22.196056 25.741687 26.126509 35.630801 28.273831 25.293868 28.800674 31.427012 26.768739 26.878338 
35.764319 39.372420 38.749800 32.950540 38.809385 29.422007 34.363058 35.059948 48.977385 38.864298 33.765000 38.043069 42.919376 36.067641 35.861879 
33.148440 35.435326 35.041908 29.347586 34.765017 26.853256 30.665445 31.983708 43.995068 35.104973 31.041253 34.219476 38.132640 32.575587 32.573696 
24.046279 26.378144 25.421324 21.952682 25.967243 19.886819 22.458941 23.915697 32.680692 25.982713 22.882766 25.168531 28.355769 24.003458 23.991248 
