10 15
35.080367 30.731140 33.097696 28.378268 19.738545 24.575485 33.902841 27.879612 36.851214 34.416983 30.271496 24.144527 30.661002 28.158131 21.300034 
33.541909 28.950829 29.885696 25.682544 17.516644 22.990619 31.361817 25.791093 33.467376 31.000458 28.034626 22.349058 29.230969 24.163855 19.181470 
32.521550 28.553113 29.821098 25.975027 18.375700 22.833557 30.624459 26.073178 34.192492 30.882605 28.225519 22.432093 28.263184 24.750646 19.573325 
24.870603 20.897006 22.437043 19.224733 12.878798 16.643247 23.278611 19.023015 24.947081 23.607371 20.856230 17.151083 21.645333 19.163337 14.585533 
34.826865 30.162033 30.951079 26.796895 18.781026 23.879953 32.675203 27.716993 34.910935 33.244741 29.575652 23.662879 30.083221 25.190514 20.033256 
32.933241 28.346699 29.528931 25.879429 17.701083 22.689784 31.014506 26.102681 33.210844 31.419366 28.022520 22.659502 28.760274 24.339682 18.852012 
33.379819 28.941717 30.665759 26.062274 18.043177 22.876074 31.374769 25.634158 34.665851 31.605770 28.826774 21.942653 28.905874 26.367942 20.257047 
41.768280 36.201411 38.297794 32.952048 22.630176 28.799006 39.350567 33.513358 42.401165 40.020809 35.486696 28.601584 35.740749 31.670055 24.962367 
38.902462 33.793809 35.723363 30.748183 21.340766 27.303252 37.083507 31.117283 40.519887 37.335742 33.899541 26.630076 33.844933 29.861556 23.157219 
28.915659 24.868889 26.618653 22.939661 15.889168 20.349733 27.221033 23.468877 29.568205 27.883628 24.900351 19.405759 24.969849 21.666593 17.184481 
