10 15
31.074783 26.119305 24.640566 33.917671 32.547130 31.618195 23.243700 24.858056 31.199987 24.497803 31.413102 39.757044 30.579340 35.339825 34.405468 
28.403406 23.936916 22.678756 31.324220 28.920274 28.918861 21.473794 24.102160 28.154286 22.767622 27.549881 35.578689 28.404416 31.643578 29.801554 
27.732571 23.635246 21.787656 30.400956 28.277079 28.491496 20.563387 23.149211 26.985786 21.745423 27.500695 35.068369 26.880244 31.053680 29.303554 
20.877287 17.103673 15.682081 22.398916 20.540525 20.910098 15.344101 16.480989 20.047809 15.902765 20.502619 25.327947 19.722227 22.405395 21.522550 
30.397185 25.511566 24.028219 32.963585 30.234060 31.364287 22.549266 25.337635 29.410954 23.774863 29.425565 38.211608 30.024818 34.371672 31.105584 
28.203341 23.621905 22.381430 30.660832 28.393058 28.612274 20.878654 23.586461 27.554990 22.090388 27.189650 35.296513 27.815077 31.430331 29.373189 
29.426679 24.790230 22.950584 32.398636 30.161148 29.991294 21.841495 23.757002 29.321344 23.310201 30.153025 37.303904 29.053650 33.002241 31.586606 
35.256741 29.761802 28.129703 38.329473 36.106350 36.322736 26.319535 28.716599 35.025629 27.792597 35.106416 44.407863 34.593148 39.912150 38.086130 
32.794783 27.743065 26.121568 36.444105 33.890175 33.589501 24.760317 27.485940 33.076201 26.290107 33.110781 41.706838 32.717656 36.800766 35.336787 
24.450826 20.850413 20.136566 27.030924 24.938437 25.405225 18.288961 20.977265 24.565204 19.651975 24.219966 31.362278 24.675691 28.144976 26.061928 
